A_0	A_1	R_0	R_1	R_2	R_3	Phenotype	Fitness	Accuracy	Numerosity	AveMatchSetSize	TimeStampGA	InitTimeStamp	Specificity	DeletionProb	CorrectCount	MatchCount
#	#	#	0	1	1	1	0.0954436889785144	0.6250999200639489	9	0	9991	0	0.5	0	782	1251
#	#	#	0	#	1	1	0.03125	0.5	5	0	9994	0	0.3333333333333333	0	1251	2502
1	#	#	0	1	1	1	1.0	1.0	31	0	9991	0	0.6666666666666666	0	625	625
0	1	#	#	#	#	0	0.03137530056089729	0.500400320256205	9	0	9990	1	0.3333333333333333	0	1250	2498
1	0	#	0	0	#	0	1.0	1.0	33	0	9986	2	0.6666666666666666	0	625	625
#	#	#	#	1	1	1	0.23714646328406627	0.7498999599839936	8	0	9991	2	0.3333333333333333	0	1874	2499
0	1	#	0	#	#	0	1.0	1.0	39	0	9990	2	0.5	0	1249	1249
1	#	1	0	0	1	0	0.03125	0.5	7	0	9962	3	0.8333333333333334	0	156	312
#	0	#	#	1	#	1	0.23746286952844117	0.7500999600159935	9	0	9997	3	0.3333333333333333	0	1876	2501
#	#	1	#	1	1	1	0.513202328134751	0.8751000800640513	15	0	9991	5	0.5	0	1093	1249
#	1	#	0	#	#	1	0.000978517970939251	0.2501000400160064	2	0	9994	6	0.3333333333333333	0	625	2499
0	0	#	#	1	#	1	0.03125	0.5	8	0	9997	6	0.5	0	625	1250
#	#	#	#	1	#	1	0.09523385848510786	0.6248248248248248	2	0	9997	7	0.16666666666666666	0	3121	4995
#	0	1	#	#	1	1	0.23762151614310076	0.7502001601281025	10	0	9992	8	0.5	0	937	1249
0	#	#	#	0	#	1	0.031312625230400654	0.500200240288346	2	0	9993	9	0.3333333333333333	0	1249	2497
#	0	1	0	#	1	1	0.2373046875	0.75	13	0	9991	9	0.6666666666666666	0	468	624
#	#	1	#	1	#	1	0.23746312299141448	0.750100120144173	6	0	9997	10	0.3333333333333333	0	1873	2497
#	0	#	#	1	1	1	0.23635622873249945	0.7493995196156925	17	0	9991	10	0.5	0	936	1249
0	#	#	#	#	1	0	0.031312625230400654	0.500200240288346	2	0	9995	11	0.3333333333333333	0	1249	2497
#	#	#	1	#	1	1	0.23746312299141448	0.750100120144173	6	0	9996	12	0.3333333333333333	0	1873	2497
0	1	#	#	#	#	1	0.03125	0.5	9	0	9983	12	0.3333333333333333	0	1248	2496
#	#	#	#	#	0	0	0.09548206512963528	0.6251501802162596	1	0	9999	14	0.16666666666666666	0	3122	4994
0	#	#	0	0	#	1	0.0009765625	0.25	1	0	9993	16	0.5	0	312	1248
1	#	#	#	1	1	1	1.0	1.0	34	0	9991	16	0.5	0	1248	1248
0	#	1	#	0	#	1	0.23698768956572133	0.7497995188452286	11	0	9993	17	0.5	0	935	1247
#	0	#	1	#	1	1	0.031124900080641994	0.4995990376904571	7	0	9992	17	0.5	0	623	1247
#	#	1	1	1	1	1	1.0	1.0	17	0	9989	18	0.6666666666666666	0	623	623
#	#	#	1	1	1	1	0.5126152069235291	0.8748997594226142	12	0	9989	19	0.5	0	1091	1247
1	#	#	0	#	1	1	0.2373046875	0.75	15	0	9994	19	0.5	0	936	1248
1	0	#	#	0	#	1	0.0	0.0	6	0	20	20	0.5	0	0	1247
#	0	1	#	#	1	0	0.0009804844327006696	0.25020048115477145	4	0	9975	20	0.5	0	312	1247
1	#	1	#	1	1	1	1.0	1.0	30	0	9991	24	0.6666666666666666	0	624	624
1	#	1	#	#	1	1	0.23698768956572133	0.7497995188452286	7	0	9991	25	0.5	0	935	1247
#	#	#	1	0	1	1	0.095138219845603	0.6246992782678428	4	0	9996	26	0.5	0	779	1247
#	0	#	0	#	1	1	0.031375501846421426	0.5004009623095429	4	0	9991	28	0.5	0	624	1247
1	0	1	0	#	1	1	0.03125	0.5	9	0	9991	30	0.8333333333333334	0	156	312
1	#	0	1	#	1	0	0.0009844252814470063	0.2504012841091493	3	0	9951	31	0.6666666666666666	0	156	623
1	#	#	0	1	#	0	0.0009804844327006696	0.25020048115477145	2	0	9999	31	0.5	0	312	1247
0	1	#	0	#	1	0	1.0	1.0	29	0	9985	31	0.6666666666666666	0	623	623
1	0	#	#	0	#	0	1.0	1.0	29	0	9986	32	0.5	0	1245	1245
#	0	1	0	#	#	1	0.2373046875	0.75	8	0	9993	32	0.5	0	936	1248
0	1	#	0	#	0	0	1.0	1.0	42	0	9990	33	0.6666666666666666	0	624	624
1	0	1	#	#	1	1	0.03125	0.5	10	0	9991	36	0.6666666666666666	0	312	624
#	#	#	#	#	1	0	0.0074182531694757135	0.37502509536237705	2	0	9995	37	0.16666666666666666	0	1868	4981
1	0	1	#	1	1	1	1.0	1.0	42	0	9991	37	0.8333333333333334	0	312	312
#	0	1	1	1	1	1	1.0	1.0	42	0	9989	39	0.8333333333333334	0	311	311
1	0	0	1	#	1	0	0.030750808994854082	0.4983922829581994	3	0	9951	40	0.8333333333333334	0	155	311
#	0	#	0	0	#	0	0.2363531863705932	0.7493975903614458	10	0	9986	41	0.5	0	933	1245
1	0	1	0	0	1	0	1.0	1.0	24	0	9962	42	1.0	0	155	155
1	0	#	1	1	#	1	1.0	1.0	20	0	9989	45	0.6666666666666666	0	623	623
1	#	#	0	0	1	0	0.03125	0.5	5	0	9986	45	0.6666666666666666	0	311	622
0	1	1	0	#	1	0	1.0	1.0	24	0	9963	50	0.8333333333333334	0	310	310
0	#	#	0	#	1	0	0.23698667000685814	0.7497988736926791	11	0	9995	51	0.5	0	932	1243
1	#	1	0	0	#	0	0.2373046875	0.75	10	0	9962	52	0.6666666666666666	0	465	620
#	0	#	1	1	1	1	0.23857914583190828	0.7508038585209004	10	0	9989	52	0.6666666666666666	0	467	622
1	0	#	#	#	#	0	0.03106197407207532	0.49939686369119424	10	0	9986	53	0.3333333333333333	0	1242	2487
0	1	#	0	0	#	0	1.0	1.0	32	0	9990	53	0.6666666666666666	0	622	622
#	0	#	#	0	#	0	0.23587686560982193	0.7490952955367913	9	0	9986	54	0.3333333333333333	0	1863	2487
#	1	1	1	#	1	1	1.0	1.0	27	0	9983	55	0.6666666666666666	0	622	622
0	#	#	0	1	#	0	0.23794226017771394	0.750402576489533	6	0	9995	55	0.5	0	932	1242
1	#	#	0	1	#	1	0.2373046875	0.75	11	0	9991	57	0.5	0	933	1244
1	0	#	#	#	1	0	0.030999600650303872	0.4991961414790997	11	0	9986	57	0.5	0	621	1244
0	0	#	0	0	1	0	0.030750808994854082	0.4983922829581994	6	0	9939	58	0.8333333333333334	0	155	311
#	1	#	#	#	#	0	0.03125	0.5	1	0	9999	58	0.16666666666666666	0	2485	4970
#	1	#	0	#	1	0	0.031124498154228915	0.499597747385358	8	0	9985	59	0.5	0	621	1243
1	0	#	0	0	#	1	0.0	0.0	5	0	59	59	0.6666666666666666	0	0	621
1	0	#	0	0	1	0	1.0	1.0	32	0	9986	60	0.8333333333333334	0	311	311
0	#	#	0	1	1	1	0.0009687249602921197	0.249597423510467	3	0	9954	63	0.6666666666666666	0	155	621
1	0	#	1	1	1	1	1.0	1.0	36	0	9989	63	0.8333333333333334	0	311	311
1	0	#	0	1	#	1	1.0	1.0	36	0	9991	65	0.6666666666666666	0	621	621
#	#	#	0	0	1	0	0.09483157489746984	0.6242960579243765	2	0	9986	65	0.5	0	776	1243
#	1	#	0	0	1	1	0.0315024219510527	0.500805152979066	5	0	9994	66	0.6666666666666666	0	311	621
1	#	1	1	#	1	1	0.23794226017771394	0.750402576489533	9	0	9989	67	0.6666666666666666	0	466	621
0	1	1	0	0	1	0	1.0	1.0	23	0	9963	67	1.0	0	155	155
#	#	#	0	1	1	0	0.007435695630553561	0.3752012882447665	2	0	9995	68	0.5	0	466	1242
0	0	#	1	1	#	1	0.0315024219510527	0.500805152979066	11	0	9997	68	0.6666666666666666	0	311	621
1	#	#	1	1	1	1	1.0	1.0	33	0	9989	69	0.6666666666666666	0	620	620
1	0	#	0	#	1	0	0.03099919872934783	0.499194847020934	11	0	9986	70	0.6666666666666666	0	310	621
0	1	#	0	1	0	0	1.0	1.0	39	0	9980	73	0.8333333333333334	0	310	310
1	0	#	#	1	1	1	1.0	1.0	40	0	9991	74	0.6666666666666666	0	620	620
1	#	1	0	1	#	1	0.2373046875	0.75	9	0	9991	74	0.6666666666666666	0	465	620
1	0	1	0	1	1	1	1.0	1.0	38	0	9991	75	1.0	0	155	155
0	#	#	#	1	#	0	0.03125	0.5	4	0	9995	77	0.3333333333333333	0	1240	2480
0	#	1	0	1	#	0	0.03125	0.5	6	0	9980	82	0.6666666666666666	0	310	620
1	#	#	1	#	1	1	0.2373046875	0.75	9	0	9996	82	0.5	0	930	1240
1	0	1	0	0	#	0	1.0	1.0	26	0	9962	84	0.8333333333333334	0	310	310
1	#	#	1	0	1	1	0.03125	0.5	3	0	9996	85	0.6666666666666666	0	310	620
#	1	1	1	#	#	1	0.23698564386842988	0.7497982243744956	5	0	9983	86	0.5	0	929	1239
#	1	1	1	#	1	0	0.0	0.0	5	0	86	86	0.6666666666666666	0	0	619
#	0	#	1	1	#	1	0.23698564386842988	0.7497982243744956	8	0	9997	87	0.5	0	929	1239
0	1	#	#	0	1	0	0.03150324016602539	0.5008077544426495	8	0	9985	88	0.6666666666666666	0	310	619
#	0	0	1	1	1	1	0.03125	0.5	6	0	9976	89	0.8333333333333334	0	155	310
1	1	1	1	1	#	1	0.03125	0.5	8	0	9965	93	0.8333333333333334	0	155	310
#	#	#	0	#	1	0	0.03125	0.5	2	0	9995	93	0.3333333333333333	0	1238	2476
#	0	1	1	0	#	0	0.030998391004202246	0.4991922455573506	4	0	9975	97	0.6666666666666666	0	309	619
#	0	1	1	1	1	0	0.0	0.0	6	0	98	98	0.8333333333333334	0	0	309
1	#	#	0	0	1	1	0.030998391004202246	0.4991922455573506	5	0	9994	101	0.6666666666666666	0	309	619
#	1	#	1	1	#	1	0.23826699234975077	0.7506072874493928	8	0	9983	101	0.5	0	927	1235
1	0	#	#	1	#	1	1.0	1.0	29	0	9991	103	0.5	0	1239	1239
1	0	1	#	1	#	1	1.0	1.0	32	0	9991	104	0.6666666666666666	0	619	619
0	#	#	1	1	1	1	0.23602748547582986	0.7491909385113269	9	0	9983	104	0.6666666666666666	0	463	618
#	0	#	0	0	1	0	0.23602748547582986	0.7491909385113269	9	0	9986	106	0.6666666666666666	0	463	618
1	0	#	1	#	1	1	0.03150324016602539	0.5008077544426495	12	0	9989	106	0.6666666666666666	0	310	619
1	#	#	#	1	#	1	0.23762459131911967	0.7502021018593371	11	0	9991	107	0.3333333333333333	0	1856	2474
#	0	1	#	1	1	1	1.0	1.0	35	0	9991	108	0.6666666666666666	0	618	618
0	1	#	#	0	#	0	0.03137672327239515	0.5004048582995951	10	0	9990	109	0.5	0	618	1235
1	#	#	#	1	0	1	0.03125	0.5	7	0	9988	112	0.5	0	617	1234
1	0	0	#	#	0	0	0.031504063702637995	0.5008103727714749	11	0	9973	115	0.6666666666666666	0	309	617
1	#	1	1	1	1	1	1.0	1.0	31	0	9989	117	0.8333333333333334	0	309	309
0	1	#	0	0	1	1	0.0	0.0	5	0	126	126	0.8333333333333334	0	0	309
0	1	1	0	0	0	0	1.0	1.0	34	0	9957	127	1.0	0	154	154
1	0	0	0	#	0	1	0.03125	0.5	6	0	9961	128	0.8333333333333334	0	154	308
#	0	0	#	1	#	0	0.031376929158567664	0.5004055150040552	5	0	9995	128	0.5	0	617	1233
0	1	1	0	#	#	0	1.0	1.0	38	0	9980	129	0.6666666666666666	0	616	616
#	1	#	0	0	0	0	1.0	1.0	23	0	9998	130	0.6666666666666666	0	618	618
1	0	0	0	#	0	0	0.03125	0.5	10	0	9945	131	0.8333333333333334	0	154	308
0	1	#	0	0	1	0	1.0	1.0	35	0	9985	135	0.8333333333333334	0	308	308
#	0	1	0	0	#	0	0.03125	0.5	8	0	9962	139	0.6666666666666666	0	308	616
1	0	0	#	1	#	0	0.0	0.0	4	0	139	139	0.6666666666666666	0	0	616
1	0	#	#	#	1	1	0.03125	0.5	7	0	9991	141	0.5	0	616	1232
#	0	1	0	1	1	1	1.0	1.0	23	0	9991	142	0.8333333333333334	0	308	308
1	#	1	0	1	1	1	1.0	1.0	27	0	9991	143	0.8333333333333334	0	308	308
#	0	1	0	0	1	1	0.03125	0.5	4	0	9987	143	0.8333333333333334	0	154	308
#	1	0	0	1	0	0	1.0	1.0	25	0	9999	144	0.8333333333333334	0	308	308
0	0	#	#	1	#	0	0.03125	0.5	11	0	9995	144	0.5	0	616	1232
1	0	1	#	0	1	0	1.0	1.0	17	0	9975	146	0.8333333333333334	0	308	308
#	1	#	1	1	1	0	0.0	0.0	1	0	148	148	0.6666666666666666	0	0	616
1	#	#	0	0	0	0	1.0	1.0	32	0	9998	148	0.6666666666666666	0	616	616
1	0	1	1	1	1	1	1.0	1.0	37	0	9989	149	1.0	0	154	154
1	0	0	#	1	1	0	0.0	0.0	6	0	151	151	0.8333333333333334	0	0	308
#	#	1	1	1	#	1	0.5126113900533527	0.8748984565393989	12	0	9997	151	0.5	0	1077	1231
0	#	#	#	1	0	0	0.031123276728280882	0.49959382615759546	3	0	9980	152	0.5	0	615	1231
0	0	#	1	#	#	1	0.031123276728280882	0.49959382615759546	6	0	9997	154	0.5	0	615	1231
#	1	1	0	1	#	0	0.2373046875	0.75	7	0	9980	154	0.6666666666666666	0	462	616
#	#	#	0	#	0	1	0.0009825292592200137	0.2503047541649736	1	0	9993	155	0.3333333333333333	0	616	2461
1	1	#	#	0	0	0	1.0	1.0	27	0	9998	157	0.6666666666666666	0	614	614
#	0	0	0	#	0	0	0.23601918300981134	0.749185667752443	12	0	9977	158	0.6666666666666666	0	460	614
#	0	0	#	1	1	0	0.03125	0.5	1	0	9995	162	0.6666666666666666	0	308	616
0	1	#	0	1	1	0	1.0	1.0	33	0	9952	163	0.8333333333333334	0	306	306
1	#	1	1	#	#	1	0.03163327423826613	0.5012205044751831	3	0	9989	163	0.5	0	616	1229
#	1	1	0	1	0	0	1.0	1.0	21	0	9980	164	0.8333333333333334	0	308	308
1	#	#	0	0	#	0	0.2376266748169234	0.7502034174125305	12	0	9998	164	0.5	0	922	1229
1	#	#	#	#	0	0	0.23682216491169325	0.7496947496947497	7	0	9999	166	0.3333333333333333	0	1842	2457
1	0	0	1	1	1	1	1.0	1.0	29	0	9976	166	1.0	0	154	154
#	1	1	0	1	1	0	0.03074434724762547	0.498371335504886	7	0	9952	167	0.8333333333333334	0	153	307
1	#	1	1	1	#	1	0.2392402782797962	0.751219512195122	9	0	9989	171	0.6666666666666666	0	462	615
#	0	#	#	0	1	0	0.2363408192072938	0.7493897477624084	8	0	9986	171	0.5	0	921	1229
0	0	1	0	0	1	0	0.0	0.0	6	0	175	175	1.0	0	0	154
#	#	1	0	0	#	0	0.09459209078455955	0.6239804241435563	2	0	9963	175	0.5	0	765	1226
0	1	#	1	#	1	1	1.0	1.0	24	0	9983	177	0.6666666666666666	0	613	613
#	0	1	0	0	1	0	0.03074434724762547	0.498371335504886	4	0	9962	178	0.8333333333333334	0	153	307
0	1	#	1	0	1	1	1.0	1.0	35	0	9958	180	0.8333333333333334	0	306	306
1	0	1	0	#	1	0	0.03074434724762547	0.498371335504886	5	0	9962	180	0.8333333333333334	0	153	307
#	1	#	0	#	0	0	1.0	1.0	32	0	9999	184	0.5	0	1228	1228
0	1	#	0	0	0	0	1.0	1.0	32	0	9990	184	0.8333333333333334	0	307	307
1	0	1	1	1	#	1	1.0	1.0	31	0	9989	185	0.8333333333333334	0	308	308
1	1	1	1	#	#	1	0.031505726949811914	0.5008156606851549	8	0	9981	188	0.6666666666666666	0	307	613
0	1	1	0	0	#	0	1.0	1.0	27	0	9963	189	0.8333333333333334	0	306	306
#	0	1	#	0	#	0	0.030869834212342837	0.49877750611246946	5	0	9975	190	0.5	0	612	1227
1	0	0	1	1	#	1	1.0	1.0	38	0	9976	192	0.8333333333333334	0	306	306
0	#	1	0	0	1	0	0.03074434724762547	0.498371335504886	3	0	9963	194	0.8333333333333334	0	153	307
1	1	#	#	1	1	0	0.0	0.0	1	0	194	194	0.6666666666666666	0	0	612
1	#	1	#	1	#	1	0.2373046875	0.75	12	0	9991	201	0.5	0	918	1224
1	1	#	0	0	0	0	1.0	1.0	46	0	9998	204	0.8333333333333334	0	307	307
#	1	#	0	0	#	0	0.2376277267762647	0.7502040816326531	13	0	9998	205	0.5	0	919	1225
1	1	#	1	1	#	1	0.03125	0.5	10	0	9965	209	0.6666666666666666	0	306	612
1	#	1	0	#	1	1	0.2373046875	0.75	9	0	9991	209	0.6666666666666666	0	459	612
0	#	1	1	0	1	1	1.0	1.0	21	0	9992	211	0.8333333333333334	0	305	305
1	0	#	#	1	#	0	0.0	0.0	2	0	212	212	0.5	0	0	1224
0	1	1	1	0	1	0	0.0	0.0	5	0	213	213	1.0	0	0	152
#	0	1	0	1	1	0	0.0	0.0	4	0	215	215	0.8333333333333334	0	0	306
#	1	#	0	1	0	0	1.0	1.0	28	0	9999	215	0.6666666666666666	0	612	612
1	0	1	0	1	#	1	1.0	1.0	42	0	9991	220	0.8333333333333334	0	306	306
#	1	#	0	1	0	1	0.0	0.0	1	0	224	224	0.6666666666666666	0	0	612
1	#	#	#	0	0	0	1.0	1.0	26	0	9998	225	0.5	0	1220	1220
#	1	#	0	1	1	1	0.031507412117519444	0.5008210180623974	7	0	9982	225	0.6666666666666666	0	305	609
0	1	0	0	#	0	0	1.0	1.0	42	0	9990	226	0.8333333333333334	0	306	306
#	1	#	0	1	1	0	0.03099427306139939	0.49917898193760263	7	0	9952	226	0.6666666666666666	0	304	609
0	1	0	0	#	1	0	1.0	1.0	34	0	9985	229	0.8333333333333334	0	305	305
0	#	1	1	1	1	1	1.0	1.0	32	0	9983	230	0.8333333333333334	0	305	305
1	1	0	0	1	0	0	1.0	1.0	30	0	9999	231	1.0	0	153	153
1	1	#	0	1	0	0	1.0	1.0	33	0	9999	234	0.8333333333333334	0	306	306
#	0	1	#	1	#	1	1.0	1.0	23	0	9997	234	0.5	0	1221	1221
1	0	1	1	#	1	1	0.03125	0.5	11	0	9989	235	0.8333333333333334	0	153	306
0	1	#	0	1	1	1	0.0	0.0	1	0	235	235	0.8333333333333334	0	0	304
0	1	0	0	1	0	0	1.0	1.0	37	0	9959	236	1.0	0	152	152
#	0	#	0	1	1	1	0.23665808110665365	0.7495908346972177	13	0	9991	237	0.6666666666666666	0	458	611
#	1	#	0	1	#	0	0.2373046875	0.75	14	0	9999	238	0.5	0	915	1220
#	0	#	0	1	#	1	0.2373046875	0.75	11	0	9991	239	0.5	0	915	1220
1	0	1	0	0	1	1	0.0	0.0	1	0	240	240	1.0	0	0	152
1	0	#	0	1	1	1	1.0	1.0	32	0	9991	243	0.8333333333333334	0	306	306
0	1	#	1	0	#	1	1.0	1.0	26	0	9969	246	0.6666666666666666	0	608	608
1	1	#	0	1	1	1	1.0	1.0	35	0	9982	247	0.8333333333333334	0	305	305
#	#	#	0	0	0	0	0.5117088683717292	0.8745901639344262	9	0	9998	247	0.5	0	1067	1220
0	1	1	1	0	1	1	1.0	1.0	44	0	9936	248	1.0	0	152	152
#	#	1	0	1	0	0	0.031507412117519444	0.5008210180623974	6	0	9980	249	0.6666666666666666	0	305	609
0	1	1	1	1	#	1	1.0	1.0	24	0	9983	249	0.8333333333333334	0	306	306
0	1	#	0	1	#	0	1.0	1.0	26	0	9980	250	0.6666666666666666	0	609	609
#	1	#	1	#	1	1	1.0	1.0	30	0	9996	253	0.5	0	1218	1218
0	1	1	0	1	#	0	1.0	1.0	26	0	9980	253	0.8333333333333334	0	304	304
#	1	#	#	0	0	0	0.23795483693889433	0.7504105090311987	11	0	9998	255	0.5	0	914	1218
0	#	#	0	0	0	0	0.23601077189724753	0.7491803278688525	9	0	9990	256	0.6666666666666666	0	457	610
#	#	#	0	1	0	0	0.09560275172265854	0.6253081347576006	6	0	9999	264	0.5	0	761	1217
1	0	1	1	#	#	1	0.03125	0.5	3	0	9989	270	0.6666666666666666	0	304	608
1	0	#	0	0	1	1	0.0	0.0	3	0	276	276	0.8333333333333334	0	0	304
0	1	#	#	1	0	0	0.03125	0.5	5	0	9980	278	0.6666666666666666	0	304	608
#	0	1	0	1	#	1	1.0	1.0	28	0	9991	278	0.6666666666666666	0	608	608
1	#	0	1	1	1	1	1.0	1.0	22	0	9976	281	0.8333333333333334	0	304	304
1	1	0	0	#	1	1	1.0	1.0	27	0	9994	282	0.8333333333333334	0	303	303
0	#	#	1	0	1	1	0.23665382478883001	0.7495881383855024	16	0	9992	283	0.6666666666666666	0	455	607
0	1	#	#	#	1	0	0.03125	0.5	9	0	9985	286	0.5	0	607	1214
#	1	#	1	1	1	1	1.0	1.0	32	0	9983	287	0.6666666666666666	0	607	607
0	#	0	0	1	0	0	1.0	1.0	29	0	9959	289	0.8333333333333334	0	303	303
#	1	0	0	1	1	1	0.03125	0.5	4	0	9941	291	0.8333333333333334	0	151	302
#	1	#	0	#	#	0	0.2377939753492285	0.7503090234857849	6	0	9999	292	0.3333333333333333	0	1821	2427
1	0	#	1	1	0	1	1.0	1.0	29	0	9988	292	0.8333333333333334	0	304	304
1	1	1	0	1	1	1	1.0	1.0	26	0	9982	294	1.0	0	152	152
1	0	1	0	0	0	0	1.0	1.0	33	0	9960	303	1.0	0	151	151
1	0	#	#	0	0	0	1.0	1.0	29	0	9973	304	0.6666666666666666	0	605	605
0	0	1	#	1	#	1	1.0	1.0	30	0	9997	305	0.6666666666666666	0	606	606
0	1	#	#	1	1	1	0.031509119641980596	0.5008264462809917	12	0	9983	307	0.6666666666666666	0	303	605
0	0	1	1	#	#	1	1.0	1.0	28	0	9997	307	0.6666666666666666	0	607	607
0	1	1	#	0	#	0	0.03125	0.5	6	0	9963	314	0.6666666666666666	0	302	604
0	#	#	0	0	#	0	0.23600224999146535	0.7491749174917491	12	0	9990	315	0.5	0	908	1212
1	1	#	0	1	1	0	0.0	0.0	3	0	320	320	0.8333333333333334	0	0	302
1	0	0	0	1	1	1	1.0	1.0	27	0	9984	321	1.0	0	151	151
#	#	1	1	0	1	1	0.23795914018424638	0.7504132231404959	14	0	9992	322	0.6666666666666666	0	454	605
0	#	1	#	1	#	1	0.23763200426056158	0.750206782464847	11	0	9997	322	0.5	0	907	1209
#	0	#	#	#	1	1	0.03131464623357979	0.5002066969822241	1	0	9992	325	0.3333333333333333	0	1210	2419
#	1	1	1	1	#	1	0.2373046875	0.75	13	0	9983	325	0.6666666666666666	0	453	604
1	0	#	#	0	0	1	0.0	0.0	4	0	326	326	0.6666666666666666	0	0	604
#	1	1	1	1	1	1	1.0	1.0	29	0	9983	329	0.8333333333333334	0	302	302
0	0	#	#	#	1	1	0.03112097457764642	0.49958643507030603	7	0	9992	329	0.5	0	604	1209
0	1	1	1	1	1	1	1.0	1.0	36	0	9983	335	1.0	0	151	151
0	1	0	0	1	1	0	1.0	1.0	31	0	9938	337	1.0	0	151	151
0	#	1	#	#	#	1	0.23697719005131457	0.7497928748964374	10	0	9997	340	0.3333333333333333	0	1810	2414
1	#	0	0	0	1	1	0.03125	0.5	9	0	9994	342	0.8333333333333334	0	151	302
1	1	#	0	#	#	0	0.03125	0.5	10	0	9999	342	0.5	0	603	1206
0	0	1	#	#	1	1	1.0	1.0	21	0	9992	343	0.6666666666666666	0	603	603
1	1	#	0	1	#	0	0.031509981927488016	0.5008291873963516	9	0	9999	346	0.6666666666666666	0	302	603
1	#	#	1	1	0	1	0.03125	0.5	6	0	9988	346	0.6666666666666666	0	302	604
0	#	1	#	0	0	0	0.0009765625	0.25	2	0	9957	347	0.6666666666666666	0	151	604
0	1	1	#	1	#	1	0.03125	0.5	9	0	9983	349	0.6666666666666666	0	302	604
#	1	#	#	#	0	0	0.23779722507949744	0.7503110742430527	5	0	9999	351	0.3333333333333333	0	1809	2411
1	0	#	0	#	#	0	0.031120761136672954	0.4995857497928749	9	0	9986	354	0.5	0	603	1207
0	0	1	1	#	0	1	1.0	1.0	32	0	9997	360	0.8333333333333334	0	302	302
#	1	0	0	0	0	0	1.0	1.0	31	0	9998	364	0.8333333333333334	0	302	302
0	1	1	#	0	1	0	0.03125	0.5	3	0	9963	370	0.8333333333333334	0	150	300
#	#	1	1	#	#	1	0.23812672040872015	0.7505188875051889	6	0	9997	371	0.3333333333333333	0	1808	2409
0	1	1	0	#	#	1	0.0	0.0	8	0	375	375	0.6666666666666666	0	0	601
1	1	1	0	1	#	1	0.031772563657484126	0.5016611295681063	6	0	9982	377	0.8333333333333334	0	151	301
1	1	0	0	1	0	1	0.0	0.0	5	0	379	379	1.0	0	0	151
#	1	#	0	#	1	1	0.03138009973671751	0.5004156275976724	8	0	9994	381	0.5	0	602	1203
0	1	0	1	0	1	1	1.0	1.0	26	0	9958	381	1.0	0	150	150
1	#	1	#	1	#	0	0.0009644464900850797	0.24937655860349128	1	0	9968	383	0.5	0	300	1203
1	1	#	0	1	0	1	0.0	0.0	4	0	384	384	0.8333333333333334	0	0	301
#	1	0	#	1	0	0	0.23796350077423983	0.7504159733777038	7	0	9999	385	0.6666666666666666	0	451	601
0	0	1	#	#	#	1	1.0	1.0	15	0	9997	386	0.5	0	1204	1204
1	1	1	0	#	1	1	1.0	1.0	29	0	9982	387	0.8333333333333334	0	300	300
0	#	#	0	1	1	0	0.23796350077423983	0.7504159733777038	12	0	9995	387	0.6666666666666666	0	451	601
1	1	#	0	#	1	1	1.0	1.0	30	0	9994	388	0.6666666666666666	0	601	601
#	#	#	#	0	0	0	0.2374694595305169	0.7501041232819659	2	0	9998	393	0.3333333333333333	0	1801	2401
1	#	#	0	#	#	0	0.03125	0.5	4	0	9999	399	0.3333333333333333	0	1200	2400
1	1	0	1	#	1	1	1.0	1.0	32	0	9996	400	0.8333333333333334	0	300	300
1	1	1	#	1	#	1	0.03125	0.5	9	0	9982	402	0.6666666666666666	0	300	600
0	#	0	0	1	1	0	1.0	1.0	20	0	9995	404	0.8333333333333334	0	299	299
1	1	#	1	#	1	1	1.0	1.0	38	0	9996	405	0.6666666666666666	0	600	600
0	#	0	0	1	#	0	1.0	1.0	17	0	9995	406	0.6666666666666666	0	599	599
1	0	0	0	1	#	1	1.0	1.0	24	0	9984	408	0.8333333333333334	0	300	300
0	1	0	0	1	#	0	1.0	1.0	28	0	9959	409	0.8333333333333334	0	299	299
#	#	#	0	1	#	1	0.03131524006078354	0.5002085940759282	2	0	9991	409	0.3333333333333333	0	1199	2397
1	1	#	#	1	0	0	1.0	1.0	22	0	9999	412	0.6666666666666666	0	600	600
0	1	1	0	1	1	0	1.0	1.0	15	0	9952	413	1.0	0	150	150
#	1	0	0	1	#	0	0.23863040871033292	0.7508361204013378	17	0	9999	414	0.6666666666666666	0	449	598
0	1	1	1	#	#	1	1.0	1.0	32	0	9983	416	0.6666666666666666	0	599	599
0	#	1	1	1	#	1	1.0	1.0	20	0	9997	417	0.6666666666666666	0	599	599
1	1	#	0	#	0	0	1.0	1.0	34	0	9999	418	0.6666666666666666	0	599	599
0	0	1	0	1	#	0	0.0	0.0	5	0	419	419	0.8333333333333334	0	0	299
0	1	#	#	1	#	0	0.03125	0.5	3	0	9980	419	0.5	0	598	1196
1	0	#	#	#	0	0	0.03111968325090063	0.49958228905597324	8	0	9973	422	0.5	0	598	1197
1	1	#	#	1	1	1	1.0	1.0	37	0	9982	422	0.6666666666666666	0	598	598
1	1	0	1	1	1	1	1.0	1.0	34	0	9950	424	1.0	0	149	149
#	#	1	0	0	0	0	0.23532385812437429	0.7487437185929648	8	0	9960	424	0.6666666666666666	0	447	597
0	1	0	#	1	1	1	0.03125	0.5	4	0	9955	427	0.8333333333333334	0	149	298
#	1	#	1	0	#	1	0.2373046875	0.75	6	0	9996	431	0.5	0	897	1196
0	1	1	#	1	1	0	0.030730908564737223	0.4983277591973244	10	0	9952	432	0.8333333333333334	0	149	299
1	#	#	0	#	0	0	0.23796791986281648	0.7504187604690117	11	0	9999	434	0.5	0	896	1194
0	0	0	#	1	#	0	1.0	1.0	24	0	9995	437	0.6666666666666666	0	597	597
1	1	1	#	0	0	0	1.0	1.0	35	0	9946	437	0.8333333333333334	0	298	298
#	0	#	#	#	#	1	0.03144662270137971	0.5006276150627615	3	0	9997	440	0.16666666666666666	0	2393	4780
0	0	#	#	#	1	0	0.031119465512580744	0.499581589958159	5	0	9995	442	0.5	0	597	1195
1	1	1	#	#	1	1	1.0	1.0	28	0	9982	442	0.6666666666666666	0	598	598
1	1	0	0	1	1	1	1.0	1.0	19	0	9941	450	1.0	0	149	149
1	#	1	#	#	#	1	0.03138119209081088	0.5004191114836547	2	0	9991	452	0.3333333333333333	0	1194	2386
#	#	#	0	#	0	0	0.23763639654449592	0.7502095557418273	5	0	9999	458	0.3333333333333333	0	1790	2386
#	1	#	#	#	1	1	0.2374705652283848	0.750104821802935	9	0	9996	459	0.3333333333333333	0	1789	2385
#	1	1	0	#	#	0	0.2373046875	0.75	11	0	9980	460	0.5	0	894	1192
0	1	#	1	1	1	1	1.0	1.0	36	0	9983	461	0.8333333333333334	0	298	298
0	0	0	0	1	#	0	1.0	1.0	20	0	9995	464	0.8333333333333334	0	298	298
1	0	1	1	1	1	0	0.0	0.0	4	0	469	469	1.0	0	0	149
0	0	#	#	1	0	1	0.03151348923282702	0.5008403361344538	10	0	9997	472	0.6666666666666666	0	298	595
1	0	1	1	#	0	1	0.03177964894694541	0.5016835016835017	5	0	9988	472	0.8333333333333334	0	149	297
1	#	0	1	#	#	1	0.03125	0.5	1	0	9996	473	0.5	0	596	1192
0	1	1	1	#	1	1	1.0	1.0	41	0	9983	473	0.8333333333333334	0	297	297
1	1	#	#	#	1	1	1.0	1.0	31	0	9996	476	0.5	0	1190	1190
#	0	0	0	1	#	0	0.030988276181713497	0.4991596638655462	5	0	9995	478	0.6666666666666666	0	297	595
#	0	#	0	0	0	0	0.23664071285347374	0.7495798319327731	4	0	9977	483	0.6666666666666666	0	446	595
1	0	0	#	1	1	1	1.0	1.0	43	0	9984	484	0.8333333333333334	0	298	298
1	1	1	0	1	0	0	1.0	1.0	30	0	9968	485	1.0	0	149	149
1	0	#	0	1	1	0	0.0	0.0	5	0	486	486	0.8333333333333334	0	0	298
1	1	1	#	0	#	0	0.03098739644777246	0.4991568296795953	3	0	9946	487	0.6666666666666666	0	296	593
1	1	#	1	1	1	1	1.0	1.0	54	0	9965	490	0.8333333333333334	0	297	297
1	0	#	1	0	0	0	1.0	1.0	31	0	9973	492	0.8333333333333334	0	297	297
1	#	0	0	#	1	1	0.23664071285347374	0.7495798319327731	6	0	9994	495	0.6666666666666666	0	446	595
#	0	0	#	1	#	1	0.03125	0.5	5	0	9984	498	0.5	0	594	1188
0	#	0	0	#	0	0	1.0	1.0	26	0	9990	500	0.6666666666666666	0	594	594
1	1	#	1	#	1	0	0.0	0.0	5	0	502	502	0.6666666666666666	0	0	594
1	0	0	1	0	0	0	1.0	1.0	27	0	9973	502	1.0	0	148	148
1	1	0	0	#	0	0	1.0	1.0	38	0	9999	503	0.8333333333333334	0	298	298
#	1	1	0	#	1	1	0.03151438089522772	0.5008431703204047	8	0	9982	508	0.6666666666666666	0	297	593
1	#	#	1	1	#	1	0.23797239863508846	0.7504215851602024	11	0	9989	513	0.5	0	890	1186
0	1	#	#	1	#	1	0.03125	0.5	7	0	9983	515	0.5	0	592	1184
1	#	1	1	1	0	1	0.03125	0.5	5	0	9988	519	0.8333333333333334	0	148	296
1	1	#	0	#	#	1	0.031118587234241588	0.4995787700084246	6	0	9994	520	0.5	0	593	1187
0	#	0	#	1	1	1	0.0009683561389928893	0.24957841483979765	2	0	9955	521	0.6666666666666666	0	148	593
1	1	1	0	1	#	0	0.03125	0.5	6	0	9968	524	0.8333333333333334	0	148	296
1	0	0	1	1	1	0	0.0	0.0	1	0	525	525	1.0	0	0	148
1	1	1	0	#	#	0	0.03125	0.5	4	0	9968	527	0.6666666666666666	0	296	592
1	#	1	#	#	1	0	0.0009765625	0.25	1	0	9975	531	0.5	0	296	1184
0	1	0	1	0	#	1	1.0	1.0	21	0	9958	532	0.8333333333333334	0	296	296
0	1	0	#	1	1	0	0.030723917753199777	0.49830508474576274	9	0	9938	536	0.8333333333333334	0	147	295
1	#	0	0	#	0	0	0.23663622401648474	0.7495769881556683	15	0	9999	537	0.6666666666666666	0	443	591
0	0	1	#	1	#	0	0.0	0.0	4	0	538	538	0.6666666666666666	0	0	591
#	1	0	0	#	0	0	1.0	1.0	31	0	9999	542	0.6666666666666666	0	592	592
0	0	1	1	1	#	1	1.0	1.0	45	0	9997	545	0.8333333333333334	0	295	295
0	1	0	0	#	#	0	1.0	1.0	29	0	9990	545	0.6666666666666666	0	591	591
0	#	1	0	0	#	0	0.03125	0.5	3	0	9963	546	0.6666666666666666	0	296	592
0	0	1	0	1	#	1	1.0	1.0	27	0	9970	551	0.8333333333333334	0	295	295
1	0	0	#	#	1	1	0.0315152786129572	0.5008460236886633	7	0	9984	551	0.6666666666666666	0	296	591
1	0	1	0	#	0	0	0.03125	0.5	13	0	9960	553	0.8333333333333334	0	147	294
1	1	1	1	1	1	1	1.0	1.0	38	0	9965	556	1.0	0	148	148
0	#	0	0	#	1	0	1.0	1.0	27	0	9995	556	0.6666666666666666	0	590	590
1	1	0	1	0	1	1	1.0	1.0	23	0	9996	557	1.0	0	148	148
0	1	#	1	1	1	0	0.0	0.0	1	0	558	558	0.8333333333333334	0	0	295
1	1	1	#	1	1	1	1.0	1.0	25	0	9982	560	0.8333333333333334	0	295	295
#	1	1	#	0	0	0	0.2373046875	0.75	12	0	9957	565	0.6666666666666666	0	441	588
#	1	#	#	1	1	1	0.2379769383083967	0.7504244482173175	15	0	9983	567	0.5	0	884	1178
0	1	#	1	1	#	1	1.0	1.0	20	0	9983	569	0.6666666666666666	0	590	590
0	0	1	#	1	1	1	1.0	1.0	16	0	9954	570	0.8333333333333334	0	294	294
1	0	0	#	0	1	1	0.0	0.0	4	0	571	571	0.8333333333333334	0	0	295
0	0	1	1	1	#	0	0.0	0.0	6	0	573	573	0.8333333333333334	0	0	295
#	#	0	0	1	1	0	0.031516182447908346	0.5008488964346349	2	0	9995	576	0.6666666666666666	0	295	589
1	#	0	#	1	1	1	1.0	1.0	27	0	9984	578	0.6666666666666666	0	588	588
1	#	1	0	1	#	0	0.0009683005974243745	0.2495755517826825	2	0	9968	579	0.6666666666666666	0	147	589
0	0	#	0	#	0	1	0.031516182447908346	0.5008488964346349	10	0	9993	579	0.6666666666666666	0	295	589
0	#	0	1	0	1	1	0.03125	0.5	4	0	9958	581	0.8333333333333334	0	147	294
1	1	1	0	#	0	0	1.0	1.0	43	0	9968	586	0.8333333333333334	0	294	294
1	1	1	0	0	0	0	1.0	1.0	33	0	9942	587	1.0	0	147	147
1	#	#	#	0	0	1	0.0	0.0	3	0	588	588	0.5	0	0	1177
1	1	0	1	1	#	1	0.03125	0.5	11	0	9950	590	0.8333333333333334	0	147	294
#	1	0	0	#	#	1	0.0009765625	0.25	3	0	9994	592	0.5	0	294	1176
1	#	0	#	1	0	0	0.03125	0.5	4	0	9999	598	0.6666666666666666	0	294	588
1	#	0	#	1	#	1	0.23696827603229342	0.7497872340425532	8	0	9984	600	0.5	0	881	1175
#	#	#	#	#	1	1	0.09532683939143029	0.6249467858663261	2	0	9996	603	0.16666666666666666	0	2936	4698
1	#	1	0	0	0	0	1.0	1.0	18	0	9960	605	0.8333333333333334	0	293	293
0	1	#	0	1	#	1	0.0	0.0	1	0	608	608	0.6666666666666666	0	0	586
0	0	0	0	1	0	0	1.0	1.0	26	0	9943	608	1.0	0	146	146
0	1	1	#	#	1	0	0.03125	0.5	5	0	9963	611	0.6666666666666666	0	293	586
1	1	1	0	#	0	1	0.0	0.0	4	0	612	612	0.8333333333333334	0	0	293
1	0	1	#	0	#	0	1.0	1.0	28	0	9975	615	0.6666666666666666	0	587	587
0	0	1	#	#	0	1	1.0	1.0	28	0	9997	620	0.6666666666666666	0	588	588
1	1	0	0	0	#	0	0.03125	0.5	5	0	9998	622	0.8333333333333334	0	147	294
1	0	1	#	#	0	0	0.030983817565252043	0.49914529914529915	4	0	9960	622	0.6666666666666666	0	292	585
1	0	0	#	0	#	1	0.0	0.0	2	0	623	623	0.6666666666666666	0	0	586
#	1	#	#	1	0	1	0.0009807394079291113	0.2502134927412468	1	0	9978	625	0.5	0	293	1171
#	0	#	1	1	0	0	0.000960010976855406	0.24914675767918087	2	0	9967	627	0.6666666666666666	0	146	586
1	#	#	0	1	0	0	0.031518008721293775	0.5008547008547009	9	0	9999	628	0.6666666666666666	0	293	585
1	#	#	0	1	1	0	0.0	0.0	4	0	629	629	0.6666666666666666	0	0	587
1	1	1	1	#	1	1	1.0	1.0	30	0	9981	629	0.8333333333333334	0	293	293
1	1	0	0	#	#	1	0.03098472140002536	0.4991482112436116	3	0	9994	630	0.6666666666666666	0	293	587
#	0	0	1	0	0	0	1.0	1.0	17	0	9973	636	0.8333333333333334	0	292	292
1	1	#	1	1	0	0	1.0	1.0	18	0	9953	637	0.8333333333333334	0	292	292
0	#	1	#	1	1	1	0.2373046875	0.75	7	0	9983	643	0.6666666666666666	0	438	584
0	#	1	0	#	#	0	0.031116567231753156	0.49957228400342174	3	0	9980	646	0.5	0	584	1169
0	0	#	#	1	1	1	0.030983817565252043	0.49914529914529915	11	0	9954	647	0.6666666666666666	0	292	585
0	1	#	#	#	1	1	0.03125	0.5	13	0	9983	649	0.5	0	584	1168
1	0	1	0	#	#	1	0.03125	0.5	7	0	9991	652	0.6666666666666666	0	292	584
0	#	#	#	1	1	1	0.03125	0.5	4	0	9983	653	0.5	0	584	1168
1	0	1	#	#	#	1	0.03125	0.5	5	0	9991	657	0.5	0	584	1168
0	1	#	1	0	0	1	1.0	1.0	33	0	9969	659	0.8333333333333334	0	292	292
1	0	0	1	0	#	0	1.0	1.0	31	0	9973	659	0.8333333333333334	0	292	292
1	0	#	0	1	0	1	1.0	1.0	22	0	9961	665	0.8333333333333334	0	292	292
0	#	#	0	1	#	1	0.000984966602743878	0.2504288164665523	2	0	9970	665	0.5	0	292	1166
0	1	0	0	0	1	0	1.0	1.0	27	0	9985	668	1.0	0	146	146
0	0	1	#	0	0	1	1.0	1.0	18	0	9993	672	0.8333333333333334	0	292	292
1	#	#	#	#	#	0	0.03114960385257474	0.49967831867896206	2	0	9999	672	0.16666666666666666	0	2330	4663
1	0	0	1	#	0	0	0.03125	0.5	7	0	9973	674	0.8333333333333334	0	146	292
1	0	0	1	#	#	0	0.030982907550520807	0.49914236706689535	3	0	9973	679	0.6666666666666666	0	291	583
#	0	0	#	0	#	0	1.0	1.0	30	0	9986	682	0.5	0	1165	1165
0	0	1	1	1	1	1	1.0	1.0	33	0	9937	684	1.0	0	145	145
1	0	0	1	#	1	1	0.03125	0.5	10	0	9976	697	0.8333333333333334	0	145	290
1	0	0	0	1	0	1	1.0	1.0	17	0	9961	699	1.0	0	145	145
0	1	1	#	1	1	1	0.0317906446042157	0.5017182130584192	9	0	9983	701	0.8333333333333334	0	146	291
0	0	#	1	#	1	1	0.03151986022771822	0.5008605851979346	6	0	9992	701	0.6666666666666666	0	291	581
0	#	#	0	#	#	0	0.23679479364577247	0.7496774193548387	11	0	9995	703	0.3333333333333333	0	1743	2325
0	#	#	1	0	#	1	0.2373046875	0.75	5	0	9992	716	0.5	0	870	1160
1	#	1	#	0	0	0	1.0	1.0	21	0	9960	719	0.6666666666666666	0	580	580
1	1	1	0	#	#	1	0.03125	0.5	9	0	9982	725	0.6666666666666666	0	290	580
0	#	1	0	0	1	1	0.03125	0.5	4	0	9987	730	0.8333333333333334	0	145	290
0	1	0	#	0	1	0	0.03125	0.5	10	0	9985	737	0.8333333333333334	0	145	290
1	0	#	0	#	1	1	0.03125	0.5	5	0	9991	737	0.6666666666666666	0	290	580
#	1	#	1	0	1	1	1.0	1.0	22	0	9996	742	0.6666666666666666	0	578	578
#	1	1	0	0	0	0	1.0	1.0	39	0	9957	743	0.8333333333333334	0	288	288
0	1	#	#	0	0	0	0.03125	0.5	5	0	9990	748	0.6666666666666666	0	289	578
0	0	1	1	1	0	1	1.0	1.0	33	0	9997	750	1.0	0	145	145
1	0	#	1	0	#	0	1.0	1.0	24	0	9975	756	0.6666666666666666	0	578	578
1	0	0	#	#	#	0	0.031114952665470534	0.49956709956709955	6	0	9986	757	0.5	0	577	1155
#	1	1	0	#	0	0	1.0	1.0	19	0	9980	758	0.6666666666666666	0	577	577
#	1	0	0	0	1	0	0.03125	0.5	3	0	9985	759	0.8333333333333334	0	145	290
1	#	1	#	0	#	0	0.23627739602399814	0.7493495229835212	5	0	9975	760	0.5	0	864	1153
0	0	0	0	#	0	0	1.0	1.0	30	0	9977	771	0.8333333333333334	0	288	288
#	1	#	#	1	0	0	0.23764791088417025	0.7502168256721596	8	0	9999	774	0.5	0	865	1153
#	1	0	1	1	1	1	1.0	1.0	24	0	9955	776	0.8333333333333334	0	288	288
1	#	0	#	#	#	0	0.03131778739316531	0.5002167316861725	1	0	9999	778	0.3333333333333333	0	1154	2307
1	1	1	#	0	1	1	1.0	1.0	28	0	9981	781	0.8333333333333334	0	288	288
1	1	1	1	#	0	0	1.0	1.0	21	0	9953	781	0.8333333333333334	0	288	288
#	1	#	#	#	1	0	0.0009765625	0.25	2	0	9985	783	0.3333333333333333	0	576	2304
#	1	1	1	0	1	1	1.0	1.0	20	0	9981	788	0.8333333333333334	0	287	287
#	#	0	0	1	0	0	0.2366176448591789	0.7495652173913043	7	0	9999	795	0.6666666666666666	0	431	575
0	#	0	#	#	1	0	0.2366176448591789	0.7495652173913043	8	0	9995	797	0.5	0	862	1150
0	#	1	1	1	#	0	0.0	0.0	3	0	798	798	0.6666666666666666	0	0	575
1	1	0	0	0	0	0	1.0	1.0	39	0	9998	804	1.0	0	144	144
0	1	0	#	0	0	0	0.03179823223237441	0.5017421602787456	10	0	9990	816	0.8333333333333334	0	144	287
#	#	1	0	1	#	1	0.09570018578898219	0.6254355400696864	7	0	9991	817	0.5	0	718	1148
0	#	1	1	#	0	1	1.0	1.0	21	0	9997	821	0.6666666666666666	0	575	575
#	0	1	1	#	1	1	0.2386859683274897	0.7508710801393729	17	0	9992	825	0.6666666666666666	0	431	574
1	1	0	#	1	1	1	1.0	1.0	26	0	9950	825	0.8333333333333334	0	286	286
1	1	#	#	#	#	1	0.0313864626743726	0.5004359197907585	6	0	9996	828	0.3333333333333333	0	1148	2294
1	1	0	0	#	#	0	0.031522685955239375	0.5008695652173913	9	0	9999	838	0.6666666666666666	0	288	575
0	0	1	0	1	0	1	1.0	1.0	23	0	9970	838	1.0	0	143	143
#	1	1	0	0	0	1	0.0	0.0	3	0	843	843	0.8333333333333334	0	0	286
1	#	1	#	#	0	0	0.2373046875	0.75	9	0	9968	843	0.5	0	858	1144
0	1	0	0	0	0	0	1.0	1.0	32	0	9990	844	1.0	0	143	143
1	1	1	#	#	#	1	0.03125	0.5	6	0	9982	847	0.5	0	572	1144
0	1	1	1	#	0	1	1.0	1.0	33	0	9978	848	0.8333333333333334	0	286	286
0	1	1	0	1	0	0	1.0	1.0	22	0	9980	849	1.0	0	143	143
#	1	1	0	#	1	0	0.03125	0.5	7	0	9963	849	0.6666666666666666	0	286	572
1	0	1	#	0	0	0	1.0	1.0	26	0	9960	852	0.8333333333333334	0	285	285
1	0	#	0	#	0	0	0.03125	0.5	9	0	9960	856	0.6666666666666666	0	286	572
1	1	1	1	1	0	0	1.0	1.0	18	0	9953	857	1.0	0	143	143
0	1	1	1	0	0	1	1.0	1.0	19	0	9969	858	1.0	0	143	143
1	0	#	0	0	0	1	0.0	0.0	3	0	858	858	0.8333333333333334	0	0	285
1	#	#	#	#	1	1	0.23695886318179404	0.7497812773403325	2	0	9996	861	0.3333333333333333	0	1714	2286
1	1	#	#	#	0	0	1.0	1.0	24	0	9999	862	0.5	0	1141	1141
0	#	1	#	1	0	1	0.2373046875	0.75	9	0	9997	866	0.6666666666666666	0	429	572
0	#	#	1	1	#	1	0.23626661084460918	0.7493426818580193	11	0	9997	867	0.5	0	855	1141
1	#	0	#	#	1	1	0.23765152270458337	0.7502191060473269	9	0	9996	869	0.5	0	856	1141
1	#	0	1	#	1	1	0.23869568420059764	0.7508771929824561	11	0	9996	870	0.6666666666666666	0	428	570
1	#	#	#	1	0	0	0.03125	0.5	3	0	9999	873	0.5	0	570	1140
0	1	1	#	#	1	1	0.03152557148542265	0.5008787346221442	10	0	9983	875	0.6666666666666666	0	285	569
1	0	1	1	0	0	0	1.0	1.0	21	0	9940	875	1.0	0	142	142
1	1	1	0	0	1	1	1.0	1.0	19	0	9944	876	1.0	0	142	142
1	1	1	#	#	0	0	1.0	1.0	31	0	9968	876	0.6666666666666666	0	569	569
#	0	#	0	1	0	1	0.23800059519641134	0.7504393673110721	9	0	9970	878	0.6666666666666666	0	427	569
1	0	0	1	1	0	1	1.0	1.0	17	0	9964	879	1.0	0	142	142
1	0	0	#	1	0	1	1.0	1.0	20	0	9964	885	0.8333333333333334	0	284	284
1	1	1	#	1	0	0	1.0	1.0	24	0	9968	890	0.8333333333333334	0	284	284
1	1	0	0	1	#	0	0.03180210647480759	0.5017543859649123	9	0	9999	892	0.8333333333333334	0	143	285
0	#	1	1	0	#	1	1.0	1.0	22	0	9992	895	0.6666666666666666	0	569	569
#	1	1	#	1	#	1	0.03125	0.5	1	0	9983	900	0.5	0	568	1136
#	0	#	1	#	1	0	0.03097635895389902	0.4991212653778559	1	0	9975	900	0.5	0	568	1138
0	#	0	0	0	#	0	1.0	1.0	17	0	9990	906	0.6666666666666666	0	568	568
0	1	#	1	#	#	1	1.0	1.0	19	0	9983	907	0.5	0	1136	1136
1	0	1	0	#	#	0	0.03125	0.5	8	0	9962	910	0.6666666666666666	0	284	568
1	0	0	0	0	#	0	1.0	1.0	24	0	9986	910	0.8333333333333334	0	284	284
0	1	0	1	#	#	1	1.0	1.0	24	0	9958	911	0.6666666666666666	0	568	568
#	0	#	1	0	#	0	0.2369564270852916	0.7497797356828194	9	0	9975	916	0.5	0	851	1135
0	1	0	#	1	0	0	0.03180603586251066	0.5017667844522968	6	0	9959	933	0.8333333333333334	0	142	283
#	0	0	0	1	1	1	0.03125	0.5	6	0	9984	936	0.8333333333333334	0	142	284
0	1	0	1	1	1	1	1.0	1.0	16	0	9955	938	1.0	0	141	141
#	1	0	0	#	#	0	0.2376539731143678	0.7502206531332745	7	0	9999	938	0.5	0	850	1133
#	1	#	#	1	#	0	0.031180954512191206	0.49977885891198587	3	0	9999	950	0.3333333333333333	0	1130	2261
0	#	0	1	#	#	1	0.03125	0.5	6	0	9958	951	0.5	0	564	1128
0	0	#	1	#	0	1	0.03180603586251066	0.5017667844522968	10	0	9997	952	0.6666666666666666	0	284	566
0	#	1	0	1	1	0	0.03125	0.5	6	0	9952	954	0.8333333333333334	0	141	282
1	0	0	#	1	#	1	1.0	1.0	29	0	9984	954	0.6666666666666666	0	565	565
#	#	#	1	1	#	1	0.2380055277898959	0.7504424778761062	4	0	9997	958	0.3333333333333333	0	1696	2260
0	#	#	0	#	0	0	0.23660549916042684	0.7495575221238938	10	0	9990	961	0.5	0	847	1130
#	0	1	#	#	#	1	0.23835563664072584	0.7506631299734748	10	0	9997	963	0.3333333333333333	0	1698	2262
#	1	#	1	0	1	0	0.0	0.0	2	0	967	967	0.6666666666666666	0	0	565
1	1	#	#	1	#	0	0.03138864219565842	0.5004428697962799	6	0	9999	968	0.5	0	565	1129
0	#	#	0	0	0	1	0.0009765625	0.25	2	0	9993	969	0.6666666666666666	0	141	564
0	0	#	0	1	1	0	0.03125	0.5	7	0	9995	975	0.8333333333333334	0	141	282
#	0	#	1	0	0	0	0.2373046875	0.75	9	0	9973	977	0.6666666666666666	0	423	564
#	1	0	0	1	1	0	0.030697893768794376	0.498220640569395	4	0	9938	978	0.8333333333333334	0	140	281
1	#	0	#	0	#	0	0.2373046875	0.75	6	0	9998	980	0.5	0	846	1128
#	1	0	1	1	#	0	0.0009765625	0.25	1	0	9949	981	0.6666666666666666	0	141	564
0	0	1	0	#	#	1	1.0	1.0	22	0	9993	983	0.6666666666666666	0	564	564
1	0	0	#	#	0	1	0.03125	0.5	12	0	9964	984	0.6666666666666666	0	282	564
0	1	1	1	1	0	1	1.0	1.0	15	0	9978	984	1.0	0	141	141
1	1	0	0	0	0	1	0.0	0.0	3	0	989	989	1.0	0	0	141
#	1	#	1	#	0	0	0.031111111331078255	0.4995547640249332	2	0	9974	993	0.5	0	561	1123
1	0	0	0	0	#	1	0.0	0.0	3	0	997	997	0.8333333333333334	0	0	281
0	#	0	#	1	#	0	0.23871553184279057	0.7508896797153025	10	0	9995	997	0.5	0	844	1124
0	1	1	#	#	#	1	0.03138913602204545	0.5004444444444445	7	0	9983	1000	0.5	0	563	1125
#	1	1	#	0	1	1	0.23590052169624806	0.7491103202846975	6	0	9981	1002	0.6666666666666666	0	421	562
1	1	#	1	1	#	0	0.030972470675472225	0.49910873440285203	9	0	9953	1004	0.6666666666666666	0	280	561
0	#	#	#	0	0	1	0.03125	0.5	5	0	9993	1004	0.5	0	563	1126
1	#	1	1	0	0	1	0.0	0.0	1	0	1007	1007	0.8333333333333334	0	0	280
1	1	#	#	0	#	0	0.03111135780531014	0.49955555555555553	3	0	9998	1011	0.5	0	562	1125
#	#	#	1	0	#	1	0.03145935610653991	0.5006681514476615	2	0	9996	1014	0.3333333333333333	0	1124	2245
#	#	0	0	0	0	0	1.0	1.0	14	0	9998	1019	0.6666666666666666	0	562	562
#	1	0	0	0	#	0	0.2373046875	0.75	8	0	9998	1022	0.6666666666666666	0	423	564
0	1	0	#	1	#	0	0.03125	0.5	5	0	9959	1026	0.6666666666666666	0	280	560
0	1	#	#	0	#	1	0.031110863978936986	0.49955396966993754	5	0	9969	1027	0.5	0	560	1121
1	0	0	#	0	#	0	1.0	1.0	20	0	9986	1028	0.6666666666666666	0	560	560
0	0	0	0	#	1	0	1.0	1.0	28	0	9995	1030	0.8333333333333334	0	281	281
1	1	1	0	1	0	1	0.0	0.0	2	0	1040	1040	1.0	0	0	140
1	#	0	0	1	#	0	0.0009765625	0.25	2	0	9999	1043	0.6666666666666666	0	140	560
1	#	1	#	1	1	0	0.0	0.0	4	0	1044	1044	0.6666666666666666	0	0	560
1	1	1	0	#	1	0	0.0	0.0	4	0	1050	1050	0.8333333333333334	0	0	279
0	#	0	#	1	0	0	0.2387256695887565	0.7508960573476703	11	0	9967	1053	0.6666666666666666	0	419	558
#	0	1	#	#	#	0	0.0009765625	0.25	3	0	9975	1061	0.3333333333333333	0	559	2236
1	1	0	0	#	0	1	0.0	0.0	3	0	1065	1065	0.8333333333333334	0	0	280
0	#	1	#	#	1	1	0.23837074457650284	0.7506726457399103	8	0	9992	1067	0.5	0	837	1115
1	0	1	#	0	0	1	0.0	0.0	2	0	1068	1068	0.8333333333333334	0	0	278
0	0	0	#	0	1	0	1.0	1.0	28	0	9971	1079	0.8333333333333334	0	278	278
0	#	#	0	#	0	1	0.0009765625	0.25	3	0	9993	1079	0.5	0	279	1116
#	#	0	0	#	0	0	0.5138954250658625	0.8753363228699551	5	0	9999	1082	0.5	0	976	1115
0	0	1	0	#	0	1	1.0	1.0	21	0	9993	1089	0.8333333333333334	0	279	279
1	1	0	#	0	0	0	1.0	1.0	30	0	9998	1093	0.8333333333333334	0	279	279
1	0	1	0	1	0	1	1.0	1.0	24	0	9956	1096	1.0	0	139	139
#	1	0	#	#	#	0	0.03125	0.5	3	0	9999	1096	0.3333333333333333	0	1114	2228
1	1	#	#	0	1	1	1.0	1.0	24	0	9996	1106	0.6666666666666666	0	556	556
#	1	0	1	0	0	1	0.03125	0.5	8	0	9947	1106	0.8333333333333334	0	139	278
1	0	0	0	#	#	0	0.03125	0.5	8	0	9986	1107	0.6666666666666666	0	278	556
0	#	1	#	0	#	0	0.0009809653896100752	0.2502250225022502	3	0	9963	1110	0.5	0	278	1111
0	0	#	0	1	1	1	0.03125	0.5	5	0	9954	1110	0.8333333333333334	0	139	278
#	1	1	1	0	0	1	0.03125	0.5	7	0	9969	1112	0.8333333333333334	0	139	278
0	#	1	1	#	1	1	1.0	1.0	28	0	9992	1114	0.6666666666666666	0	554	554
#	1	1	#	#	#	1	0.03125	0.5	3	0	9983	1115	0.3333333333333333	0	1110	2220
1	1	1	0	0	#	1	0.03125	0.5	11	0	9944	1117	0.8333333333333334	0	138	276
0	0	0	0	1	1	0	1.0	1.0	19	0	9995	1121	1.0	0	139	139
0	0	0	#	#	0	0	1.0	1.0	22	0	9977	1123	0.6666666666666666	0	555	555
1	0	0	0	1	#	0	0.0	0.0	3	0	1123	1123	0.8333333333333334	0	0	278
0	1	1	1	0	#	1	1.0	1.0	34	0	9969	1127	0.8333333333333334	0	277	277
#	#	0	1	1	1	1	0.23588029373374067	0.7490974729241877	8	0	9976	1128	0.6666666666666666	0	415	554
1	1	1	#	#	#	0	0.031109107533510563	0.4995483288166215	10	0	9968	1133	0.5	0	553	1107
#	1	0	0	#	1	0	0.03125	0.5	4	0	9985	1143	0.6666666666666666	0	277	554
0	#	#	1	#	#	1	0.23766282913038309	0.7502262443438914	6	0	9997	1154	0.3333333333333333	0	1658	2210
#	0	1	0	0	0	0	0.030689978676589975	0.4981949458483754	6	0	9960	1155	0.8333333333333334	0	138	277
0	0	0	0	0	#	0	1.0	1.0	31	0	9977	1156	0.8333333333333334	0	276	276
0	0	#	0	#	1	0	0.03153357345797731	0.5009041591320073	6	0	9995	1157	0.6666666666666666	0	277	553
1	1	0	#	#	0	0	1.0	1.0	15	0	9999	1157	0.6666666666666666	0	554	554
0	#	#	1	0	0	1	0.2373046875	0.75	5	0	9979	1167	0.6666666666666666	0	414	552
#	0	0	1	0	#	0	1.0	1.0	21	0	9973	1168	0.6666666666666666	0	552	552
#	0	0	#	0	1	0	1.0	1.0	30	0	9986	1173	0.6666666666666666	0	551	551
#	0	0	0	1	#	1	0.031534606498876724	0.5009074410163339	2	0	9984	1175	0.6666666666666666	0	276	551
1	0	#	#	0	1	0	1.0	1.0	29	0	9986	1176	0.6666666666666666	0	552	552
1	1	#	1	0	1	1	1.0	1.0	33	0	9996	1178	0.8333333333333334	0	276	276
#	1	1	#	1	1	1	0.2373046875	0.75	4	0	9983	1178	0.6666666666666666	0	414	552
1	1	0	0	1	1	0	0.0	0.0	2	0	1179	1179	1.0	0	0	137
0	1	#	1	1	0	0	0.0	0.0	2	0	1180	1180	0.8333333333333334	0	0	275
0	1	#	#	0	1	1	0.030967452127508913	0.49909255898366606	6	0	9958	1183	0.6666666666666666	0	275	551
0	1	0	#	#	#	0	0.03153564709385621	0.5009107468123861	4	0	9990	1191	0.5	0	550	1098
0	0	#	#	0	1	1	0.031534606498876724	0.5009074410163339	4	0	9992	1192	0.6666666666666666	0	276	551
0	0	0	#	#	#	0	1.0	1.0	16	0	9995	1193	0.5	0	1102	1102
0	0	0	#	0	0	0	1.0	1.0	25	0	9977	1193	0.8333333333333334	0	276	276
0	#	#	1	#	1	1	0.2358699596193902	0.7490909090909091	7	0	9992	1195	0.5	0	824	1100
0	1	1	1	1	0	0	0.0	0.0	3	0	1196	1196	1.0	0	0	138
#	0	1	1	1	#	1	1.0	1.0	20	0	9997	1197	0.6666666666666666	0	551	551
#	1	1	0	0	1	1	0.03125	0.5	3	0	9944	1199	0.8333333333333334	0	137	274
1	0	1	0	#	0	1	0.03125	0.5	4	0	9956	1202	0.8333333333333334	0	137	274
1	0	1	1	#	0	0	0.03068593541422779	0.49818181818181817	9	0	9940	1206	0.8333333333333334	0	137	275
1	0	0	0	#	1	1	0.03125	0.5	6	0	9984	1208	0.8333333333333334	0	138	276
0	0	0	0	1	1	1	0.0	0.0	2	0	1208	1208	1.0	0	0	138
0	0	0	#	1	1	0	1.0	1.0	15	0	9995	1210	0.8333333333333334	0	275	275
0	#	0	#	#	1	1	0.0009677008299679522	0.2495446265938069	3	0	9958	1211	0.5	0	274	1098
#	0	1	0	1	0	1	1.0	1.0	19	0	9970	1212	0.8333333333333334	0	274	274
#	0	0	0	0	0	0	1.0	1.0	25	0	9977	1214	0.8333333333333334	0	274	274
1	1	0	1	#	1	0	0.0	0.0	2	0	1216	1216	0.8333333333333334	0	0	275
0	1	1	0	0	1	1	0.0	0.0	2	0	1221	1221	1.0	0	0	137
0	0	0	1	0	0	0	1.0	1.0	26	0	9966	1227	1.0	0	137	137
#	1	1	0	0	#	0	0.23658251917554743	0.7495429616087751	10	0	9963	1238	0.6666666666666666	0	410	547
1	0	#	0	#	0	1	0.03125	0.5	5	0	9961	1239	0.6666666666666666	0	274	548
#	0	0	0	#	#	0	0.23622110626362747	0.7493138151875571	9	0	9995	1241	0.5	0	819	1093
1	0	#	#	1	0	1	1.0	1.0	25	0	9988	1242	0.6666666666666666	0	548	548
0	0	#	#	0	1	0	0.03096539351832342	0.4990859232175503	8	0	9971	1252	0.6666666666666666	0	273	547
1	1	0	#	#	1	1	1.0	1.0	24	0	9996	1252	0.6666666666666666	0	546	546
#	#	1	0	1	0	1	0.03096539351832342	0.4990859232175503	11	0	9970	1255	0.6666666666666666	0	273	547
0	1	1	#	#	#	0	0.030964874170388745	0.4990842490842491	4	0	9980	1261	0.5	0	545	1092
0	0	1	0	0	1	1	1.0	1.0	10	0	9987	1261	1.0	0	137	137
0	0	#	#	#	#	0	0.031178555128217066	0.4997711670480549	5	0	9995	1266	0.3333333333333333	0	1092	2185
0	#	0	#	1	1	0	0.23803127816073233	0.7504587155963303	9	0	9995	1269	0.6666666666666666	0	409	545
#	1	1	0	1	1	1	0.031826552708162995	0.5018315018315018	9	0	9982	1270	0.8333333333333334	0	137	273
#	0	1	#	#	0	1	0.2383942388692114	0.7506874427131073	9	0	9997	1275	0.5	0	819	1091
1	1	#	#	#	1	0	0.0	0.0	5	0	1279	1279	0.5	0	0	1090
0	0	0	0	#	#	0	1.0	1.0	16	0	9995	1279	0.6666666666666666	0	545	545
1	#	#	1	0	0	0	1.0	1.0	15	0	9974	1280	0.6666666666666666	0	544	544
#	0	#	1	1	0	1	0.23803127816073233	0.7504587155963303	7	0	9997	1284	0.6666666666666666	0	409	545
0	0	1	1	#	1	1	1.0	1.0	30	0	9992	1284	0.8333333333333334	0	273	273
0	#	1	0	1	0	1	0.03125	0.5	7	0	9970	1286	0.8333333333333334	0	136	272
0	#	1	1	1	0	1	1.0	1.0	12	0	9997	1287	0.8333333333333334	0	273	273
0	0	0	#	1	0	0	1.0	1.0	16	0	9967	1290	0.8333333333333334	0	272	272
1	1	0	#	1	0	0	1.0	1.0	28	0	9999	1293	0.8333333333333334	0	273	273
0	#	0	0	#	#	0	1.0	1.0	25	0	9995	1298	0.5	0	1087	1087
1	1	#	0	#	0	1	0.0	0.0	3	0	1302	1302	0.6666666666666666	0	0	543
#	0	#	1	#	#	1	0.03125	0.5	2	0	9997	1306	0.3333333333333333	0	1087	2174
0	0	1	#	1	1	0	0.0	0.0	4	0	1307	1307	0.8333333333333334	0	0	271
#	0	1	#	1	0	1	1.0	1.0	27	0	9997	1307	0.6666666666666666	0	544	544
#	#	0	0	1	1	1	0.03125	0.5	4	0	9984	1309	0.6666666666666666	0	271	542
0	0	#	#	#	#	1	0.03125	0.5	7	0	9997	1314	0.3333333333333333	0	1086	2172
#	0	1	1	#	#	1	0.23803395765514174	0.7504604051565378	10	0	9997	1315	0.5	0	815	1086
0	0	#	0	#	1	1	0.03125	0.5	3	0	9987	1317	0.6666666666666666	0	271	542
#	0	#	1	#	0	1	0.03139400897249402	0.500459981600736	1	0	9997	1318	0.5	0	544	1087
0	1	0	0	0	0	1	0.0	0.0	1	0	1322	1322	1.0	0	0	136
#	#	0	#	0	#	0	0.23785172435277405	0.7503454629203132	3	0	9998	1323	0.3333333333333333	0	1629	2171
0	0	#	0	0	0	0	0.03125	0.5	6	0	9977	1324	0.8333333333333334	0	136	272
#	1	0	#	1	#	0	0.031394809761080424	0.5004625346901017	2	0	9999	1324	0.5	0	541	1081
#	1	1	0	#	#	1	0.0009810794326201042	0.2502308402585411	2	0	9982	1327	0.5	0	271	1083
1	0	0	1	0	1	0	1.0	1.0	27	0	9951	1327	1.0	0	135	135
0	0	1	1	0	#	0	0.0	0.0	1	0	1330	1330	0.8333333333333334	0	0	272
#	0	0	#	1	0	1	0.03125	0.5	3	0	9964	1331	0.6666666666666666	0	270	540
0	0	#	1	#	1	0	0.030962248738044658	0.49907578558225507	4	0	9972	1341	0.6666666666666666	0	270	541
#	0	0	1	#	0	0	0.2373046875	0.75	6	0	9973	1343	0.6666666666666666	0	405	540
0	1	1	1	1	#	0	0.0	0.0	2	0	1344	1344	0.8333333333333334	0	0	270
#	0	1	#	0	0	0	0.030962248738044658	0.49907578558225507	2	0	9960	1345	0.6666666666666666	0	270	541
1	1	#	1	#	#	0	0.031105725084997277	0.49953746530989823	8	0	9974	1350	0.5	0	540	1081
0	1	0	#	#	1	0	0.03125	0.5	9	0	9985	1351	0.6666666666666666	0	270	540
0	0	#	0	#	0	0	0.030962248738044658	0.49907578558225507	7	0	9977	1352	0.6666666666666666	0	270	541
1	1	1	1	0	#	1	0.03125	0.5	3	0	9981	1359	0.8333333333333334	0	135	270
0	#	#	#	0	#	0	0.03132243854098829	0.5002315886984715	2	0	9990	1360	0.3333333333333333	0	1080	2159
#	1	0	1	1	#	1	0.2373046875	0.75	8	0	9955	1366	0.6666666666666666	0	405	540
0	1	1	0	#	0	0	1.0	1.0	30	0	9980	1368	0.8333333333333334	0	270	270
#	#	0	0	0	#	0	0.5122295860587754	0.8747680890538033	7	0	9998	1369	0.5	0	943	1078
1	1	0	#	#	#	0	0.031395348586243266	0.500464252553389	5	0	9999	1374	0.5	0	539	1077
#	#	1	0	1	1	1	0.2373046875	0.75	10	0	9991	1375	0.6666666666666666	0	405	540
1	0	0	0	1	1	0	0.0	0.0	5	0	1376	1376	1.0	0	0	135
#	1	0	1	#	#	1	0.23656908767111265	0.749534450651769	9	0	9996	1384	0.5	0	805	1074
0	#	#	#	#	1	1	0.031105055908662322	0.4995353159851301	1	0	9992	1385	0.3333333333333333	0	1075	2152
1	1	1	1	0	0	0	1.0	1.0	22	0	9946	1385	1.0	0	134	134
0	1	1	0	1	1	1	0.0	0.0	6	0	1388	1388	1.0	0	0	134
#	0	1	1	0	0	0	0.030673447581537977	0.49814126394052044	5	0	9940	1389	0.8333333333333334	0	134	269
0	0	0	#	#	1	0	1.0	1.0	22	0	9995	1392	0.6666666666666666	0	539	539
0	0	1	0	1	0	0	0.0	0.0	1	0	1400	1400	1.0	0	0	134
1	#	1	0	#	0	0	0.2373046875	0.75	11	0	9968	1401	0.6666666666666666	0	402	536
1	0	0	#	0	1	0	1.0	1.0	25	0	9986	1403	0.8333333333333334	0	269	269
0	1	0	0	0	#	0	1.0	1.0	27	0	9990	1403	0.8333333333333334	0	270	270
1	0	0	0	#	#	1	0.030960113322184252	0.49906890130353815	7	0	9984	1408	0.6666666666666666	0	268	537
#	1	0	#	#	1	1	0.23804211604089037	0.750465549348231	8	0	9996	1414	0.5	0	806	1074
#	0	#	#	0	0	0	0.23620094668209987	0.7493010251630942	7	0	9977	1415	0.5	0	804	1073
1	#	#	1	1	0	0	0.03125	0.5	7	0	9953	1417	0.6666666666666666	0	268	536
1	1	1	1	0	1	1	1.0	1.0	19	0	9981	1424	1.0	0	134	134
1	0	0	#	0	0	0	1.0	1.0	37	0	9973	1428	0.8333333333333334	0	268	268
1	0	#	0	0	0	0	1.0	1.0	31	0	9960	1429	0.8333333333333334	0	268	268
1	1	0	0	1	#	1	0.030669161185851335	0.49812734082397003	7	0	9941	1429	0.8333333333333334	0	133	267
#	1	#	1	#	#	1	0.23767420578325174	0.7502334267040149	6	0	9996	1434	0.3333333333333333	0	1607	2142
0	1	0	#	0	#	0	0.03154314991582934	0.5009345794392523	9	0	9990	1435	0.6666666666666666	0	268	535
0	0	1	#	0	1	1	1.0	1.0	16	0	9992	1437	0.8333333333333334	0	268	268
#	1	0	#	#	0	0	0.23916036103095076	0.7511693171188026	6	0	9999	1440	0.5	0	803	1069
1	0	1	1	1	0	0	0.0	0.0	2	0	1441	1441	1.0	0	0	134
0	1	0	0	#	#	1	0.0	0.0	2	0	1449	1449	0.6666666666666666	0	0	534
0	1	1	#	1	#	0	0.030959033684805817	0.49906542056074765	6	0	9980	1449	0.6666666666666666	0	267	535
0	#	1	1	1	0	0	0.0	0.0	2	0	1450	1450	0.8333333333333334	0	0	268
0	0	0	0	0	0	0	1.0	1.0	31	0	9977	1453	1.0	0	134	134
0	0	#	0	1	#	0	0.03125	0.5	5	0	9995	1455	0.6666666666666666	0	267	534
1	1	0	#	1	1	0	0.0	0.0	2	0	1458	1458	0.8333333333333334	0	0	266
1	1	#	0	0	1	1	1.0	1.0	18	0	9994	1460	0.8333333333333334	0	267	267
1	1	#	1	0	0	0	1.0	1.0	26	0	9974	1477	0.8333333333333334	0	266	266
0	#	1	1	#	#	1	1.0	1.0	20	0	9997	1484	0.5	0	1065	1065
#	0	#	0	#	1	0	0.03125	0.5	3	0	9995	1485	0.5	0	532	1064
0	1	0	1	1	#	1	1.0	1.0	25	0	9955	1485	0.8333333333333334	0	266	266
#	0	0	1	1	#	1	0.03125	0.5	7	0	9976	1490	0.6666666666666666	0	266	532
1	1	1	1	1	#	0	0.03125	0.5	7	0	9953	1492	0.8333333333333334	0	133	266
#	0	0	#	#	1	1	0.0009811645771398818	0.2502351834430856	1	0	9984	1497	0.5	0	266	1063
1	0	1	1	1	0	1	1.0	1.0	18	0	9988	1504	1.0	0	133	133
#	#	1	1	0	0	1	0.03184408944780282	0.5018867924528302	4	0	9979	1505	0.6666666666666666	0	266	530
0	0	0	#	0	#	0	1.0	1.0	27	0	9977	1505	0.6666666666666666	0	531	531
0	0	1	#	1	0	1	1.0	1.0	24	0	9997	1506	0.8333333333333334	0	266	266
0	#	1	0	#	1	0	0.03125	0.5	3	0	9963	1513	0.6666666666666666	0	265	530
0	0	1	#	0	#	1	1.0	1.0	19	0	9993	1518	0.6666666666666666	0	532	532
#	1	0	1	0	#	0	0.0009951277952438382	0.2509433962264151	2	0	9974	1520	0.6666666666666666	0	133	530
#	0	1	1	0	1	1	0.03125	0.5	5	0	9992	1522	0.8333333333333334	0	133	266
0	1	#	1	1	0	1	1.0	1.0	18	0	9978	1526	0.8333333333333334	0	265	265
0	#	0	0	1	1	1	0.0	0.0	1	0	1527	1527	0.8333333333333334	0	0	265
#	#	0	#	1	1	1	0.09518728920694013	0.6247637051039697	4	0	9984	1534	0.5	0	661	1058
0	0	1	1	0	0	1	1.0	1.0	22	0	9979	1535	1.0	0	132	132
1	#	1	1	#	0	0	0.23507019600934992	0.7485822306238186	9	0	9953	1539	0.6666666666666666	0	396	529
#	#	1	1	1	#	0	3.023022068021474e-05	0.12476370510396975	1	0	9953	1540	0.5	0	132	1058
1	1	1	1	#	#	0	0.03125	0.5	7	0	9953	1545	0.6666666666666666	0	264	528
1	0	1	0	1	1	0	0.0	0.0	5	0	1558	1558	1.0	0	0	132
0	1	0	#	0	0	1	0.030660394310230217	0.49809885931558934	6	0	9947	1567	0.8333333333333334	0	131	263
#	0	#	#	1	0	1	0.23843148835697736	0.7507109004739336	7	0	9997	1568	0.5	0	792	1055
0	1	0	1	0	0	1	1.0	1.0	15	0	9947	1571	1.0	0	131	131
0	0	#	0	#	#	1	0.03139866766675963	0.5004748338081672	4	0	9993	1572	0.5	0	527	1053
#	0	0	0	1	1	0	0.03125	0.5	8	0	9995	1577	0.8333333333333334	0	132	264
0	0	1	0	1	1	1	1.0	1.0	17	0	9954	1577	1.0	0	131	131
#	1	1	1	#	0	0	0.030660394310230217	0.49809885931558934	5	0	9953	1579	0.6666666666666666	0	262	526
1	#	1	#	1	0	1	0.03125	0.5	1	0	9988	1582	0.6666666666666666	0	263	526
1	0	#	0	#	#	1	0.03139895111219107	0.5004757373929591	6	0	9991	1584	0.5	0	526	1051
#	0	0	#	#	0	0	0.2380589929545175	0.7504761904761905	10	0	9977	1585	0.5	0	788	1050
0	0	1	#	#	#	0	0.0	0.0	3	0	1590	1590	0.5	0	0	1053
#	1	1	1	1	0	1	0.03125	0.5	5	0	9978	1597	0.8333333333333334	0	131	262
0	1	1	1	#	1	0	0.0	0.0	5	0	1601	1601	0.8333333333333334	0	0	262
0	0	0	1	#	0	0	1.0	1.0	20	0	9967	1602	0.8333333333333334	0	262	262
0	0	#	1	0	1	1	0.03125	0.5	4	0	9992	1609	0.8333333333333334	0	131	262
1	0	#	1	0	1	0	1.0	1.0	18	0	9975	1611	0.8333333333333334	0	262	262
0	#	1	0	0	0	0	0.03125	0.5	6	0	9957	1612	0.8333333333333334	0	131	262
1	#	0	0	1	1	1	1.0	1.0	13	0	9984	1614	0.8333333333333334	0	262	262
#	1	#	#	0	#	1	0.031175488827443663	0.49976133651551313	2	0	9996	1620	0.3333333333333333	0	1047	2095
1	1	1	#	#	0	1	0.0	0.0	3	0	1624	1624	0.6666666666666666	0	0	523
1	#	#	1	#	#	1	0.03139952125791193	0.5004775549188156	2	0	9996	1626	0.3333333333333333	0	1048	2094
#	1	0	0	#	0	1	0.0	0.0	1	0	1627	1627	0.6666666666666666	0	0	524
1	1	1	#	1	#	0	0.03125	0.5	7	0	9968	1631	0.6666666666666666	0	262	524
1	#	0	1	#	#	0	0.031100764360797596	0.4995215311004785	3	0	9974	1633	0.5	0	522	1045
1	0	1	#	#	#	0	0.03110104888909932	0.4995224450811843	6	0	9975	1634	0.5	0	523	1047
0	1	#	#	1	1	0	0.030951245024765407	0.4990403071017274	3	0	9952	1636	0.6666666666666666	0	260	521
1	0	0	0	0	0	0	1.0	1.0	31	0	9945	1636	1.0	0	130	130
0	0	1	1	1	1	0	0.0	0.0	3	0	1640	1640	1.0	0	0	130
0	0	1	0	1	1	0	0.0	0.0	4	0	1641	1641	1.0	0	0	130
#	#	1	0	1	#	0	0.0074276064189019355	0.3751196172248804	2	0	9980	1642	0.5	0	392	1045
0	#	1	1	0	0	1	1.0	1.0	27	0	9979	1642	0.8333333333333334	0	262	262
0	1	1	#	0	1	1	0.03125	0.5	7	0	9936	1643	0.8333333333333334	0	130	260
0	1	1	0	1	0	1	0.0	0.0	2	0	1651	1651	1.0	0	0	131
1	#	0	1	#	0	1	0.0009765625	0.25	1	0	9964	1658	0.6666666666666666	0	130	520
0	#	0	1	0	1	0	0.03125	0.5	6	0	9971	1662	0.8333333333333334	0	130	260
1	1	0	1	1	0	0	1.0	1.0	19	0	9949	1669	1.0	0	130	130
0	0	#	1	#	#	0	0.031100192030636346	0.49951969260326606	9	0	9972	1672	0.5	0	520	1041
0	1	0	#	1	#	1	0.03125	0.5	6	0	9955	1672	0.6666666666666666	0	260	520
0	1	0	0	1	1	1	0.0	0.0	5	0	1675	1675	1.0	0	0	130
#	0	0	#	0	0	0	1.0	1.0	22	0	9977	1676	0.6666666666666666	0	520	520
#	1	0	1	1	0	0	0.03125	0.5	3	0	9949	1676	0.8333333333333334	0	130	260
#	#	#	1	0	0	0	0.09509238635676845	0.6246390760346487	5	0	9974	1686	0.5	0	649	1039
0	1	#	#	0	0	1	0.03125	0.5	5	0	9969	1687	0.6666666666666666	0	260	520
1	1	0	1	#	#	1	0.03125	0.5	3	0	9996	1698	0.6666666666666666	0	259	518
0	#	#	1	1	0	0	0.0009860069412771988	0.2504816955684008	3	0	9967	1701	0.6666666666666666	0	130	519
0	1	0	1	#	1	1	1.0	1.0	32	0	9958	1701	0.8333333333333334	0	259	259
#	#	0	1	0	1	1	0.03125	0.5	3	0	9996	1709	0.6666666666666666	0	259	518
1	1	#	#	#	0	1	0.0	0.0	3	0	1712	1712	0.5	0	0	1035
1	1	0	0	0	1	1	1.0	1.0	24	0	9994	1714	1.0	0	130	130
#	0	#	0	#	#	1	0.03132559261100435	0.500241662638956	1	0	9993	1729	0.3333333333333333	0	1035	2069
#	1	1	#	#	1	1	0.2373046875	0.75	6	0	9983	1731	0.5	0	774	1032
0	1	#	1	#	0	1	1.0	1.0	18	0	9978	1733	0.6666666666666666	0	516	516
0	0	#	#	0	#	1	0.03125	0.5	5	0	9993	1739	0.5	0	516	1032
0	0	1	0	0	#	1	1.0	1.0	22	0	9993	1746	0.8333333333333334	0	258	258
1	0	1	1	0	#	0	1.0	1.0	30	0	9975	1757	0.8333333333333334	0	257	257
1	#	0	#	0	0	1	0.0	0.0	2	0	1771	1771	0.6666666666666666	0	0	515
#	1	1	#	1	0	0	0.23576973348551616	0.7490272373540856	10	0	9980	1776	0.6666666666666666	0	385	514
0	#	0	#	0	#	1	0.0009577105096266218	0.2490272373540856	3	0	9958	1777	0.5	0	256	1028
#	#	#	#	0	#	0	0.09504302139548593	0.6245742092457421	1	0	9998	1781	0.16666666666666666	0	2567	4110
1	1	0	1	#	0	0	1.0	1.0	26	0	9974	1792	0.8333333333333334	0	256	256
0	#	1	#	0	1	0	0.0009577105096266218	0.2490272373540856	2	0	9963	1793	0.6666666666666666	0	128	514
0	0	#	0	1	#	1	0.030946604240741492	0.49902534113060426	7	0	9970	1794	0.6666666666666666	0	256	513
1	1	0	#	0	1	1	1.0	1.0	17	0	9996	1798	0.8333333333333334	0	258	258
1	0	#	1	#	0	1	0.03125	0.5	2	0	9988	1798	0.6666666666666666	0	256	512
#	0	0	0	0	1	0	1.0	1.0	23	0	9986	1799	0.8333333333333334	0	256	256
1	#	#	1	#	0	0	0.2373046875	0.75	6	0	9974	1805	0.5	0	768	1024
0	0	#	1	1	1	1	0.03125	0.5	7	0	9937	1808	0.8333333333333334	0	128	256
1	#	0	0	1	#	1	0.23653170871907578	0.7495107632093934	5	0	9984	1815	0.6666666666666666	0	383	511
0	1	1	1	1	1	0	0.0	0.0	4	0	1819	1819	1.0	0	0	128
#	#	0	#	0	1	0	0.09480885782682506	0.62426614481409	2	0	9986	1824	0.5	0	638	1022
#	1	0	0	#	1	1	0.03125	0.5	2	0	9994	1828	0.6666666666666666	0	255	510
#	1	1	1	0	#	1	0.23885975876423607	0.7509803921568627	12	0	9981	1829	0.6666666666666666	0	383	510
1	0	1	#	0	1	1	0.0	0.0	3	0	1833	1833	0.8333333333333334	0	0	256
#	1	#	0	0	1	0	0.03125	0.5	7	0	9985	1838	0.6666666666666666	0	255	510
1	#	1	1	0	#	0	0.23575772610428447	0.7490196078431373	6	0	9975	1841	0.6666666666666666	0	382	510
1	0	1	1	0	1	0	1.0	1.0	16	0	9975	1849	1.0	0	127	127
1	#	#	1	#	#	0	0.030944229359366134	0.49901768172888017	2	0	9975	1852	0.3333333333333333	0	1016	2036
0	1	0	1	0	1	0	0.0	0.0	3	0	1853	1853	1.0	0	0	127
0	0	1	1	0	#	1	1.0	1.0	30	0	9992	1858	0.8333333333333334	0	255	255
1	#	0	1	0	#	0	0.23498274169768651	0.7485265225933202	6	0	9974	1861	0.6666666666666666	0	381	509
1	0	0	#	1	0	0	0.0	0.0	3	0	1867	1867	0.8333333333333334	0	0	254
1	#	0	1	1	#	1	0.2373046875	0.75	8	0	9976	1869	0.6666666666666666	0	381	508
0	1	#	0	#	0	1	0.0	0.0	5	0	1875	1875	0.6666666666666666	0	0	508
#	1	0	#	1	1	1	0.23887208421077794	0.7509881422924901	5	0	9955	1880	0.6666666666666666	0	380	506
0	1	1	#	0	0	0	0.03125	0.5	4	0	9957	1884	0.8333333333333334	0	127	254
#	1	#	0	0	0	1	0.0	0.0	2	0	1888	1888	0.6666666666666666	0	0	507
1	1	#	1	1	0	1	0.0	0.0	5	0	1889	1889	0.8333333333333334	0	0	252
#	1	#	#	#	0	1	0.0009717518566527114	0.24975320829220138	2	0	9978	1891	0.3333333333333333	0	506	2026
0	0	#	#	1	0	0	0.0306372739343103	0.4980237154150198	8	0	9967	1904	0.6666666666666666	0	252	506
1	1	0	#	1	#	1	0.030941817005393828	0.499009900990099	6	0	9950	1910	0.6666666666666666	0	252	505
#	#	0	#	1	#	1	0.031172686826622747	0.49975235264982665	1	0	9984	1912	0.3333333333333333	0	1009	2019
#	#	1	#	0	1	0	0.007306396241460111	0.37388724035608306	1	0	9975	1916	0.5	0	378	1011
1	1	#	#	0	#	1	0.03140485598990022	0.5004945598417408	5	0	9996	1924	0.5	0	506	1011
0	0	0	0	0	0	1	0.0	0.0	5	0	1925	1925	1.0	0	0	126
1	#	0	0	0	0	0	1.0	1.0	17	0	9998	1932	0.8333333333333334	0	253	253
#	#	#	0	1	0	1	0.007379096128599118	0.37462834489593655	1	0	9970	1933	0.5	0	378	1009
#	0	1	1	0	0	1	0.031877490000190724	0.50199203187251	6	0	9979	1944	0.8333333333333334	0	126	251
0	0	0	1	1	#	0	1.0	1.0	12	0	9972	1947	0.8333333333333334	0	252	252
0	1	1	#	0	#	1	0.03125	0.5	13	0	9969	1958	0.6666666666666666	0	251	502
1	#	1	#	0	1	1	0.03125	0.5	1	0	9981	1964	0.6666666666666666	0	251	502
0	0	0	1	0	#	0	1.0	1.0	29	0	9971	1971	0.8333333333333334	0	250	250
0	0	#	0	0	1	1	0.031877490000190724	0.50199203187251	3	0	9987	1974	0.8333333333333334	0	126	251
0	1	#	0	0	#	1	0.0	0.0	2	0	1975	1975	0.6666666666666666	0	0	502
#	#	#	1	1	1	0	3.0214224887572668e-05	0.124750499001996	2	0	9972	1977	0.5	0	125	1002
0	0	#	#	#	0	1	0.031563123750005986	0.500998003992016	5	0	9997	1988	0.5	0	502	1002
0	0	0	0	0	1	0	1.0	1.0	28	0	9939	1997	1.0	0	125	125
0	1	0	0	1	#	1	0.0	0.0	4	0	1997	1997	0.8333333333333334	0	0	250
0	0	0	1	#	1	0	1.0	1.0	16	0	9972	2005	0.8333333333333334	0	250	250
0	#	#	#	#	#	0	0.031289150583912025	0.5001252191334836	4	0	9995	2014	0.16666666666666666	0	1997	3993
1	1	0	1	0	#	1	0.03125	0.5	4	0	9996	2025	0.8333333333333334	0	125	250
0	0	0	1	0	1	0	1.0	1.0	23	0	9971	2028	1.0	0	125	125
0	#	#	#	1	#	1	0.031328636095092545	0.5002513826043238	3	0	9997	2039	0.3333333333333333	0	995	1989
#	1	1	#	#	0	0	0.23650996387567652	0.7494969818913481	10	0	9980	2041	0.5	0	745	994
#	0	#	#	#	0	0	0.03101480287618218	0.49924509310518367	1	0	9977	2044	0.3333333333333333	0	992	1987
#	0	0	0	#	1	0	0.23889733068959731	0.751004016064257	3	0	9995	2049	0.6666666666666666	0	374	498
1	1	0	#	0	1	0	0.0	0.0	3	0	2052	2052	0.8333333333333334	0	0	250
0	#	0	#	#	0	0	0.2373046875	0.75	9	0	9990	2056	0.5	0	744	992
0	#	0	#	0	0	1	0.0009765625	0.25	2	0	9947	2058	0.6666666666666666	0	124	496
0	1	0	1	1	#	0	0.0	0.0	2	0	2063	2063	0.8333333333333334	0	0	248
1	1	#	0	0	#	0	0.03125	0.5	8	0	9998	2066	0.6666666666666666	0	248	496
1	1	#	0	1	#	1	0.03093561624048281	0.498989898989899	6	0	9982	2076	0.6666666666666666	0	247	495
#	0	0	1	0	1	0	1.0	1.0	21	0	9971	2077	0.8333333333333334	0	248	248
#	0	#	#	1	0	0	0.0009618702530249616	0.24924318869828457	3	0	9967	2082	0.5	0	247	991
1	#	1	1	1	0	0	0.03062251040628165	0.4979757085020243	4	0	9953	2083	0.8333333333333334	0	123	247
#	#	1	1	0	0	0	0.03062251040628165	0.4979757085020243	3	0	9946	2095	0.6666666666666666	0	246	494
0	0	#	0	#	#	0	0.03109233130071227	0.4994944388270981	7	0	9995	2096	0.5	0	494	989
1	1	0	1	0	0	0	1.0	1.0	22	0	9974	2098	1.0	0	124	124
0	#	0	1	#	0	0	0.03125	0.5	3	0	9967	2117	0.6666666666666666	0	246	492
#	1	1	0	0	1	0	0.03125	0.5	8	0	9963	2119	0.8333333333333334	0	123	246
0	0	1	1	0	1	1	1.0	1.0	23	0	9992	2125	1.0	0	123	123
#	1	0	1	0	1	1	1.0	1.0	19	0	9996	2130	0.8333333333333334	0	246	246
#	#	0	1	0	0	0	0.2373046875	0.75	8	0	9974	2133	0.6666666666666666	0	369	492
#	0	0	0	0	#	0	1.0	1.0	19	0	9986	2135	0.6666666666666666	0	491	491
#	1	#	1	#	1	0	0.0	0.0	2	0	2139	2139	0.5	0	0	983
1	0	1	#	1	#	0	0.0	0.0	3	0	2145	2145	0.6666666666666666	0	0	492
#	0	0	#	#	1	0	0.2365002655712497	0.7494908350305499	8	0	9995	2147	0.5	0	736	982
#	0	1	1	1	#	0	0.0	0.0	1	0	2148	2148	0.6666666666666666	0	0	491
0	0	1	0	#	1	1	1.0	1.0	12	0	9987	2149	0.8333333333333334	0	245	245
0	0	1	#	#	0	0	0.0	0.0	2	0	2150	2150	0.6666666666666666	0	0	492
1	1	#	#	#	#	0	0.03117040248660277	0.49974502804691484	7	0	9999	2150	0.3333333333333333	0	980	1961
1	#	0	1	#	0	0	0.2365002655712497	0.7494908350305499	9	0	9974	2153	0.6666666666666666	0	368	491
0	#	0	#	0	0	0	0.2397310956064064	0.7515274949083504	9	0	9990	2156	0.6666666666666666	0	369	491
0	1	0	#	0	1	1	0.030617429855739318	0.49795918367346936	5	0	9958	2165	0.8333333333333334	0	122	245
#	1	1	1	1	0	0	0.030617429855739318	0.49795918367346936	2	0	9953	2167	0.8333333333333334	0	122	245
#	#	#	1	1	0	0	0.0073402550928358965	0.37423312883435583	2	0	9967	2178	0.5	0	366	978
0	0	0	1	#	#	0	1.0	1.0	24	0	9972	2179	0.6666666666666666	0	488	488
1	#	0	1	0	1	0	0.03125	0.5	4	0	9951	2194	0.8333333333333334	0	122	244
0	0	#	1	1	#	0	0.03157216222332118	0.5010266940451745	2	0	9972	2195	0.6666666666666666	0	244	487
1	#	0	#	0	0	0	1.0	1.0	19	0	9998	2202	0.6666666666666666	0	487	487
0	#	1	#	#	0	1	0.23852413347878249	0.7507692307692307	9	0	9997	2217	0.5	0	732	975
#	0	0	1	0	#	1	0.0	0.0	3	0	2219	2219	0.6666666666666666	0	0	487
1	0	#	1	0	#	1	0.0	0.0	1	0	2220	2220	0.6666666666666666	0	0	486
0	1	1	#	#	0	0	0.03125	0.5	6	0	9980	2227	0.6666666666666666	0	243	486
0	0	0	1	1	1	0	1.0	1.0	13	0	9972	2229	1.0	0	121	121
1	#	#	1	1	1	0	0.0	0.0	1	0	2232	2232	0.6666666666666666	0	0	485
#	1	0	1	#	1	1	1.0	1.0	17	0	9996	2239	0.6666666666666666	0	485	485
1	#	0	0	1	0	1	0.030612266365826674	0.49794238683127573	7	0	9961	2240	0.8333333333333334	0	121	243
0	1	1	1	0	#	0	0.0	0.0	4	0	2244	2244	0.8333333333333334	0	0	242
1	1	0	#	#	1	0	0.0	0.0	1	0	2245	2245	0.6666666666666666	0	0	486
#	#	1	1	1	0	0	0.0009665362759504314	0.24948453608247423	1	0	9953	2251	0.6666666666666666	0	121	485
#	#	0	1	0	#	0	0.095367431640625	0.625	7	0	9974	2254	0.5	0	605	968
#	0	1	1	0	1	0	0.03125	0.5	4	0	9975	2264	0.8333333333333334	0	121	242
#	1	#	#	0	1	1	0.2364869602026655	0.7494824016563147	11	0	9996	2267	0.5	0	724	966
1	0	1	1	1	#	0	0.0	0.0	2	0	2273	2273	0.8333333333333334	0	0	242
#	1	1	1	0	0	0	0.030607017888939207	0.4979253112033195	6	0	9946	2273	0.8333333333333334	0	120	241
#	0	0	0	1	0	0	0.03125	0.5	6	0	9943	2282	0.8333333333333334	0	120	240
1	0	0	1	#	#	1	0.03157484128127764	0.5010351966873706	5	0	9976	2282	0.6666666666666666	0	242	483
0	1	0	1	#	1	0	0.0	0.0	1	0	2286	2286	0.8333333333333334	0	0	240
1	0	1	0	1	#	0	0.0	0.0	5	0	2297	2297	0.8333333333333334	0	0	241
#	1	0	#	0	1	1	0.2364869602026655	0.7494824016563147	7	0	9996	2300	0.6666666666666666	0	362	483
0	#	0	1	1	#	0	0.03125	0.5	9	0	9972	2301	0.6666666666666666	0	240	480
1	#	0	1	1	0	1	0.03125	0.5	4	0	9964	2302	0.8333333333333334	0	120	240
0	#	0	1	1	1	0	0.03125	0.5	6	0	9972	2306	0.8333333333333334	0	120	240
#	1	#	#	0	#	0	0.03125	0.5	3	0	9998	2314	0.3333333333333333	0	961	1922
0	0	0	1	0	#	1	0.0	0.0	2	0	2315	2315	0.8333333333333334	0	0	240
#	1	0	1	0	0	0	0.03125	0.5	9	0	9974	2317	0.8333333333333334	0	120	240
1	0	0	1	1	#	0	0.0	0.0	1	0	2337	2337	0.8333333333333334	0	0	240
0	#	1	#	0	0	1	0.2373046875	0.75	7	0	9993	2339	0.6666666666666666	0	360	480
0	#	0	0	1	0	1	0.0	0.0	1	0	2344	2344	0.8333333333333334	0	0	238
0	0	0	0	#	0	1	0.0	0.0	3	0	2355	2355	0.8333333333333334	0	0	239
1	#	0	#	1	0	1	0.030923802440788507	0.4989517819706499	8	0	9964	2357	0.6666666666666666	0	238	477
0	0	#	1	0	0	1	0.03190925947145692	0.502092050209205	7	0	9979	2361	0.8333333333333334	0	120	239
1	#	0	#	0	1	1	0.031577565269860754	0.5010438413361169	5	0	9996	2362	0.6666666666666666	0	240	479
0	1	#	1	0	#	0	0.0	0.0	5	0	2362	2362	0.6666666666666666	0	0	476
1	#	0	0	1	1	0	0.0	0.0	2	0	2368	2368	0.8333333333333334	0	0	238
1	0	#	1	#	#	1	0.031414300373684846	0.5005246589716684	7	0	9989	2372	0.5	0	477	953
1	#	#	0	#	#	1	0.031168150909304967	0.49973780807551127	2	0	9994	2375	0.3333333333333333	0	953	1907
0	#	0	0	0	1	0	1.0	1.0	13	0	9985	2376	0.8333333333333334	0	238	238
1	#	0	0	0	0	1	0.0	0.0	2	0	2381	2381	0.8333333333333334	0	0	239
0	1	1	0	#	1	1	0.0	0.0	2	0	2381	2381	0.8333333333333334	0	0	238
1	0	1	1	#	1	0	0.03125	0.5	4	0	9975	2383	0.8333333333333334	0	119	238
#	0	#	1	0	1	0	0.2373046875	0.75	12	0	9975	2383	0.6666666666666666	0	357	476
#	1	#	1	0	0	0	0.03125	0.5	4	0	9974	2392	0.6666666666666666	0	238	476
0	#	1	0	1	#	1	0.03125	0.5	4	0	9970	2407	0.6666666666666666	0	237	474
1	#	1	1	0	0	0	1.0	1.0	13	0	9946	2411	0.8333333333333334	0	236	236
#	#	#	0	1	#	0	0.03125	0.5	1	0	9999	2415	0.3333333333333333	0	948	1896
0	0	0	#	1	1	1	0.0	0.0	2	0	2417	2417	0.8333333333333334	0	0	238
1	1	#	1	0	0	1	0.0	0.0	2	0	2425	2425	0.8333333333333334	0	0	236
1	0	0	1	1	0	0	0.0	0.0	1	0	2430	2430	1.0	0	0	118
0	#	#	#	0	0	0	0.03125	0.5	4	0	9990	2446	0.5	0	472	944
0	#	0	#	0	1	0	0.23646615587441772	0.7494692144373672	8	0	9985	2452	0.6666666666666666	0	353	471
1	#	#	1	0	#	0	0.23688556947063	0.7497348886532343	6	0	9975	2454	0.5	0	707	943
0	0	#	1	#	0	0	0.03125	0.5	4	0	9967	2457	0.6666666666666666	0	236	472
1	0	#	1	1	0	0	0.0	0.0	5	0	2459	2459	0.8333333333333334	0	0	236
0	0	1	1	#	0	0	0.0	0.0	1	0	2461	2461	0.8333333333333334	0	0	236
1	#	1	1	#	#	0	0.030755025853472857	0.49840595111583424	4	0	9975	2466	0.5	0	469	941
#	#	1	0	#	1	1	0.09526612781331747	0.6248671625929861	3	0	9991	2468	0.5	0	588	941
0	0	#	0	1	0	0	0.03059074102380611	0.4978723404255319	8	0	9943	2468	0.8333333333333334	0	117	235
0	0	0	#	1	#	1	0.0	0.0	2	0	2472	2472	0.6666666666666666	0	0	471
0	0	1	#	#	1	0	0.0	0.0	6	0	2483	2483	0.6666666666666666	0	0	470
1	#	#	0	#	0	1	0.0009661956884400456	0.24946695095948826	2	0	9961	2487	0.5	0	234	938
0	0	#	1	1	0	1	0.03192057641682165	0.502127659574468	5	0	9997	2494	0.8333333333333334	0	118	235
1	1	#	#	0	0	1	0.0	0.0	3	0	2502	2502	0.6666666666666666	0	0	469
#	0	1	1	1	0	1	1.0	1.0	10	0	9997	2508	0.8333333333333334	0	235	235
#	0	0	1	1	0	1	0.03125	0.5	5	0	9964	2513	0.8333333333333334	0	117	234
0	1	1	#	0	0	1	0.03125	0.5	6	0	9969	2516	0.8333333333333334	0	117	234
1	0	#	1	#	1	0	0.03125	0.5	8	0	9975	2521	0.6666666666666666	0	234	468
1	#	#	#	0	#	0	0.23688108052579027	0.7497320471596999	7	0	9998	2529	0.3333333333333333	0	1399	1866
#	#	1	#	#	0	0	0.03091684739510595	0.4989293361884368	1	0	9980	2530	0.3333333333333333	0	932	1868
1	0	#	1	0	0	1	0.0	0.0	2	0	2535	2535	0.8333333333333334	0	0	233
0	#	#	1	#	0	1	0.23645898384370387	0.7494646680942184	8	0	9997	2537	0.5	0	700	934
1	0	0	#	#	1	0	0.03091684739510595	0.4989293361884368	6	0	9986	2538	0.6666666666666666	0	233	467
1	1	0	#	1	#	0	0.031587469870579025	0.5010752688172043	4	0	9999	2543	0.6666666666666666	0	233	465
1	#	1	0	1	0	0	0.03125	0.5	6	0	9968	2551	0.8333333333333334	0	116	232
0	1	1	0	0	#	1	0.0	0.0	3	0	2558	2558	0.8333333333333334	0	0	232
#	1	#	1	1	0	0	0.03125	0.5	4	0	9953	2561	0.6666666666666666	0	232	464
1	1	#	1	0	#	1	0.031587469870579025	0.5010752688172043	5	0	9996	2568	0.6666666666666666	0	233	465
#	1	0	1	#	0	1	0.03125	0.5	4	0	9948	2579	0.6666666666666666	0	232	464
1	0	1	#	1	0	1	1.0	1.0	24	0	9988	2583	0.8333333333333334	0	232	232
#	#	1	1	#	1	1	0.5121181417788624	0.8747300215982722	7	0	9992	2584	0.5	0	810	926
1	0	0	#	#	#	1	0.0315889339208337	0.5010799136069114	3	0	9984	2594	0.5	0	464	926
#	1	1	0	1	0	1	0.0	0.0	2	0	2603	2603	0.8333333333333334	0	0	232
0	#	0	#	#	0	1	0.0009660165676069537	0.24945770065075923	2	0	9948	2616	0.5	0	230	922
1	1	#	1	#	0	0	1.0	1.0	19	0	9974	2621	0.6666666666666666	0	460	460
0	1	#	#	#	0	1	0.03108071545808215	0.499457111834962	4	0	9978	2621	0.5	0	460	921
1	1	1	#	#	1	0	0.0	0.0	2	0	2628	2628	0.6666666666666666	0	0	460
0	1	#	1	0	0	0	0.0	0.0	2	0	2633	2633	0.8333333333333334	0	0	230
#	1	0	0	1	#	1	0.000987246889487224	0.25054466230936817	2	0	9941	2642	0.6666666666666666	0	115	459
0	#	0	1	1	#	1	0.03125	0.5	5	0	9955	2642	0.6666666666666666	0	230	460
0	#	0	1	#	1	1	0.03125	0.5	2	0	9958	2653	0.6666666666666666	0	230	460
0	0	#	#	#	0	0	0.030910329314992803	0.49890829694323147	7	0	9977	2674	0.5	0	457	916
0	0	#	0	0	#	0	0.0305736187019339	0.4978165938864629	5	0	9977	2685	0.6666666666666666	0	228	458
0	1	1	#	#	0	1	0.03125	0.5	4	0	9978	2693	0.6666666666666666	0	228	456
0	#	1	0	#	1	1	0.03125	0.5	7	0	9987	2730	0.6666666666666666	0	227	454
#	0	0	1	1	0	0	0.03125	0.5	3	0	9967	2741	0.8333333333333334	0	113	226
#	0	0	#	#	0	1	0.0009711790373800733	0.24972375690607734	3	0	9964	2742	0.5	0	226	905
0	#	#	#	1	1	0	0.03125	0.5	2	0	9995	2748	0.5	0	453	906
#	#	0	#	#	0	0	0.23774203475963437	0.7502762430939226	2	0	9999	2764	0.3333333333333333	0	1358	1810
1	#	1	1	1	1	0	0.0	0.0	3	0	2765	2765	0.8333333333333334	0	0	226
#	1	0	#	0	#	0	0.03125	0.5	1	0	9998	2768	0.5	0	452	904
1	1	1	#	0	1	0	0.0	0.0	3	0	2776	2776	0.8333333333333334	0	0	225
1	1	1	#	0	0	1	0.0	0.0	3	0	2786	2786	0.8333333333333334	0	0	224
#	0	#	0	1	#	0	0.0009874859091668817	0.2505567928730512	1	0	9995	2817	0.5	0	225	898
0	0	#	0	0	#	1	0.03125	0.5	5	0	9993	2826	0.6666666666666666	0	224	448
1	#	0	1	0	0	0	1.0	1.0	17	0	9974	2842	0.8333333333333334	0	224	224
#	#	1	1	1	0	1	0.2399710055247544	0.7516778523489933	3	0	9997	2849	0.6666666666666666	0	336	447
#	#	#	#	0	1	1	0.03125	0.5	2	0	9996	2853	0.3333333333333333	0	894	1788
1	1	1	0	0	#	0	0.03125	0.5	7	0	9942	2857	0.8333333333333334	0	111	222
1	#	1	0	#	#	0	0.03107502843558072	0.4994388327721661	4	0	9968	2860	0.5	0	445	891
0	1	1	#	1	0	1	0.03125	0.5	10	0	9978	2862	0.8333333333333334	0	112	224
0	0	#	#	0	#	0	0.030902007925951786	0.4988814317673378	6	0	9977	2864	0.5	0	446	894
1	0	0	1	0	#	1	0.0	0.0	2	0	2881	2881	0.8333333333333334	0	0	222
0	0	0	1	1	0	0	1.0	1.0	16	0	9967	2881	1.0	0	111	111
#	0	#	#	#	0	1	0.031426155134073756	0.500562429696288	2	0	9997	2886	0.3333333333333333	0	890	1778
1	1	#	#	0	1	0	0.0	0.0	2	0	2888	2888	0.6666666666666666	0	0	446
0	#	#	1	1	0	1	0.2373046875	0.75	9	0	9997	2897	0.6666666666666666	0	333	444
#	1	1	1	#	0	1	0.03125	0.5	6	0	9978	2897	0.6666666666666666	0	222	444
#	#	0	0	1	0	1	0.0009876345239679802	0.2505643340857788	3	0	9961	2906	0.6666666666666666	0	111	443
1	0	#	#	0	1	1	0.0	0.0	6	0	2910	2910	0.6666666666666666	0	0	444
#	0	1	0	#	0	1	0.2364132358880856	0.7494356659142212	6	0	9993	2919	0.6666666666666666	0	332	443
0	#	0	1	0	0	1	0.03054935585203235	0.497737556561086	5	0	9947	2920	0.8333333333333334	0	110	221
0	0	1	1	#	1	0	0.0	0.0	1	0	2931	2931	0.8333333333333334	0	0	221
#	1	#	0	#	0	1	0.0	0.0	1	0	2932	2932	0.5	0	0	884
1	#	0	0	0	#	0	0.2364132358880856	0.7494356659142212	8	0	9998	2937	0.6666666666666666	0	332	443
#	#	#	#	1	#	0	0.007394787424591656	0.37478753541076487	1	0	9999	2938	0.16666666666666666	0	1323	3530
1	1	1	1	0	0	1	0.0	0.0	2	0	2943	2943	1.0	0	0	110
0	0	1	0	0	0	0	0.0	0.0	4	0	2949	2949	1.0	0	0	111
0	#	0	0	#	#	1	0.0	0.0	1	0	2958	2958	0.5	0	0	880
#	0	1	#	0	0	1	0.03197001585040907	0.502283105022831	5	0	9993	2985	0.6666666666666666	0	220	438
1	0	1	#	#	1	0	0.030895695274335885	0.4988610478359909	3	0	9975	2993	0.6666666666666666	0	219	439
0	#	1	#	0	1	1	0.23911616525161225	0.7511415525114156	4	0	9992	3002	0.6666666666666666	0	329	438
#	0	#	#	0	1	1	0.0010047849906348548	0.25142857142857145	2	0	9992	3008	0.5	0	220	875
0	0	1	0	0	0	1	1.0	1.0	19	0	9993	3013	1.0	0	110	110
#	0	1	#	0	1	0	0.030894081163512645	0.4988558352402746	5	0	9975	3015	0.6666666666666666	0	218	437
0	0	0	1	#	0	1	0.0	0.0	5	0	3031	3031	0.8333333333333334	0	0	218
0	0	#	1	0	1	0	0.03125	0.5	8	0	9971	3043	0.8333333333333334	0	109	218
#	#	0	1	0	1	0	0.03089245227868702	0.49885057471264366	2	0	9971	3045	0.6666666666666666	0	217	435
#	#	1	1	1	1	0	0.0	0.0	2	0	3048	3048	0.6666666666666666	0	0	435
0	0	#	#	1	1	0	0.03197671310525621	0.5023041474654378	7	0	9995	3055	0.6666666666666666	0	218	434
#	0	0	1	#	#	1	0.0009822073548970303	0.2502883506343714	4	0	9976	3059	0.5	0	217	867
1	1	0	1	0	#	0	0.030536559774532495	0.4976958525345622	5	0	9974	3062	0.8333333333333334	0	108	217
0	1	0	0	1	0	1	0.0	0.0	1	0	3067	3067	1.0	0	0	108
#	1	#	1	#	0	1	0.03125	0.5	5	0	9978	3073	0.5	0	432	864
#	0	0	1	0	1	1	0.0	0.0	3	0	3080	3080	0.8333333333333334	0	0	216
#	#	0	0	1	#	0	0.0956986449068041	0.6254335260115607	4	0	9999	3083	0.5	0	541	865
1	0	#	1	1	1	0	0.0	0.0	1	0	3092	3092	0.8333333333333334	0	0	216
0	0	#	#	0	0	0	0.03125	0.5	5	0	9977	3094	0.6666666666666666	0	216	432
#	0	#	0	1	0	0	0.0009652335913618383	0.2494172494172494	2	0	9943	3114	0.6666666666666666	0	107	429
1	0	1	#	1	1	0	0.0	0.0	2	0	3120	3120	0.8333333333333334	0	0	216
#	#	0	1	#	1	1	0.09547850480775451	0.6251455180442375	3	0	9996	3123	0.5	0	537	859
#	#	0	#	1	0	1	0.007372606459196962	0.37456242707117854	1	0	9964	3125	0.5	0	321	857
1	1	1	#	0	#	1	0.03125	0.5	9	0	9981	3134	0.6666666666666666	0	214	428
#	#	0	#	0	1	1	0.007415771484375	0.375	2	0	9996	3148	0.5	0	321	856
#	#	1	#	#	0	1	0.03125	0.5	1	0	9997	3152	0.3333333333333333	0	856	1712
#	0	1	0	#	#	0	0.000953852738312916	0.24882629107981222	2	0	9962	3181	0.5	0	212	852
1	0	#	1	1	#	0	0.0	0.0	1	0	3184	3184	0.6666666666666666	0	0	427
0	#	0	1	0	0	0	0.03125	0.5	5	0	9966	3185	0.8333333333333334	0	106	212
#	#	0	1	#	#	0	0.031158034201541063	0.4997053624042428	1	0	9974	3193	0.3333333333333333	0	848	1697
1	0	#	0	1	#	0	0.0	0.0	2	0	3210	3210	0.6666666666666666	0	0	424
0	1	0	1	#	#	0	0.0	0.0	3	0	3212	3212	0.6666666666666666	0	0	424
0	#	#	0	1	0	0	0.2373046875	0.75	10	0	9980	3213	0.6666666666666666	0	318	424
1	1	#	#	1	#	1	0.03106596046504646	0.49940968122786306	2	0	9982	3225	0.5	0	423	847
#	1	#	0	1	#	1	0.0009707976843596293	0.24970414201183433	2	0	9982	3232	0.5	0	211	845
#	1	0	#	0	0	0	0.24012300134298675	0.75177304964539	3	0	9998	3246	0.6666666666666666	0	318	423
0	#	1	0	1	0	0	0.03199757383157521	0.5023696682464455	3	0	9980	3256	0.8333333333333334	0	106	211
1	1	0	#	#	0	1	0.0	0.0	4	0	3259	3259	0.6666666666666666	0	0	422
0	#	1	#	1	0	0	0.0009650193378297178	0.2494061757719715	3	0	9980	3273	0.6666666666666666	0	105	421
1	1	0	0	0	#	1	0.030516464645079823	0.4976303317535545	3	0	9994	3274	0.8333333333333334	0	105	211
1	1	#	1	#	#	1	0.03125	0.5	2	0	9996	3281	0.5	0	420	840
1	1	1	1	#	0	1	0.0	0.0	5	0	3286	3286	0.8333333333333334	0	0	210
#	1	0	0	0	1	1	0.03125	0.5	3	0	9994	3347	0.8333333333333334	0	104	208
0	#	0	0	1	#	1	0.0	0.0	3	0	3352	3352	0.6666666666666666	0	0	414
1	#	#	0	0	0	1	0.0	0.0	1	0	3353	3353	0.6666666666666666	0	0	414
#	#	0	#	0	0	0	0.5155628222656218	0.8759036144578313	9	0	9998	3356	0.5	0	727	830
#	1	#	#	1	#	1	0.03125	0.5	1	0	9983	3365	0.3333333333333333	0	828	1656
1	#	#	0	#	1	0	0.0009883851527652291	0.25060240963855424	2	0	9986	3367	0.5	0	208	830
1	1	1	1	0	1	0	0.0	0.0	5	0	3370	3370	1.0	0	0	104
#	0	1	1	0	#	1	0.03162832488848733	0.5012048192771085	5	0	9992	3371	0.6666666666666666	0	208	415
#	1	0	1	#	#	0	0.0009884426825755067	0.2506053268765133	1	0	9974	3375	0.5	0	207	826
0	#	#	1	#	0	0	0.0009532008433548384	0.24879227053140096	1	0	9967	3376	0.5	0	206	828
1	1	0	1	1	#	0	0.03125	0.5	3	0	9949	3388	0.8333333333333334	0	103	206
#	1	#	1	1	0	1	0.03125	0.5	2	0	9978	3388	0.6666666666666666	0	206	412
#	0	0	1	#	1	0	0.2373046875	0.75	6	0	9972	3397	0.6666666666666666	0	309	412
0	1	0	1	#	0	1	1.0	1.0	12	0	9948	3402	0.8333333333333334	0	206	206
0	1	0	#	1	0	1	0.030495204742989977	0.4975609756097561	7	0	9948	3422	0.8333333333333334	0	102	205
#	#	0	0	0	0	1	0.0	0.0	2	0	3433	3433	0.6666666666666666	0	0	411
#	0	0	0	1	0	1	0.03125	0.5	3	0	9961	3441	0.8333333333333334	0	102	204
1	1	0	#	0	#	1	0.03163202480014962	0.5012165450121655	5	0	9996	3449	0.6666666666666666	0	206	411
0	0	#	1	0	#	0	0.030869834212342837	0.49877750611246946	5	0	9971	3459	0.6666666666666666	0	204	409
#	1	1	0	#	0	1	0.0	0.0	1	0	3461	3461	0.6666666666666666	0	0	408
#	0	0	1	#	#	0	0.2373046875	0.75	4	0	9973	3483	0.5	0	612	816
#	0	#	1	0	#	1	0.0009886186810584793	0.25061425061425063	2	0	9992	3499	0.5	0	204	814
0	0	#	1	0	0	0	0.03048784159720073	0.4975369458128079	9	0	9966	3509	0.8333333333333334	0	101	203
0	1	0	1	1	0	1	1.0	1.0	13	0	9948	3509	1.0	0	101	101
0	0	0	0	0	#	1	0.0	0.0	6	0	3512	3512	0.8333333333333334	0	0	203
#	1	0	1	0	#	1	0.23828285883388642	0.7506172839506173	8	0	9996	3521	0.6666666666666666	0	304	405
0	0	0	1	0	0	1	0.0	0.0	3	0	3522	3522	1.0	0	0	101
1	1	1	1	0	#	0	0.03125	0.5	7	0	9946	3527	0.8333333333333334	0	101	202
#	1	0	0	1	0	1	0.0	0.0	2	0	3552	3552	0.8333333333333334	0	0	202
1	#	1	0	#	#	1	0.03144506805799548	0.5006226650062267	4	0	9991	3566	0.5	0	402	803
#	1	1	1	0	1	0	0.0	0.0	2	0	3574	3574	0.8333333333333334	0	0	201
1	#	0	1	0	0	1	0.0	0.0	1	0	3579	3579	0.8333333333333334	0	0	200
1	#	1	0	0	0	1	0.0	0.0	1	0	3599	3599	0.8333333333333334	0	0	200
0	#	1	1	0	0	0	0.0	0.0	1	0	3629	3629	0.8333333333333334	0	0	200
#	0	1	0	1	0	0	0.0	0.0	1	0	3631	3631	0.8333333333333334	0	0	199
1	0	0	1	0	0	1	0.0	0.0	3	0	3634	3634	1.0	0	0	100
1	1	1	#	1	1	0	0.0	0.0	1	0	3661	3661	0.8333333333333334	0	0	198
1	0	#	1	0	1	1	0.0	0.0	2	0	3664	3664	0.8333333333333334	0	0	198
0	#	0	0	0	0	0	1.0	1.0	19	0	9990	3665	0.8333333333333334	0	198	198
#	#	0	#	#	1	1	0.031151045044672258	0.49968294229549776	1	0	9996	3686	0.3333333333333333	0	788	1577
1	0	#	0	1	0	0	0.0	0.0	1	0	3695	3695	0.8333333333333334	0	0	196
#	1	1	#	#	1	0	0.0009765625	0.25	1	0	9963	3716	0.5	0	196	784
1	#	0	0	0	#	1	0.0009765625	0.25	2	0	9994	3727	0.6666666666666666	0	98	392
#	0	0	0	#	1	1	0.0009765625	0.25	1	0	9984	3727	0.6666666666666666	0	98	392
0	1	0	1	1	1	0	0.0	0.0	3	0	3758	3758	1.0	0	0	97
0	#	1	0	1	1	1	0.03125	0.5	4	0	9954	3782	0.8333333333333334	0	97	194
0	#	1	0	#	0	1	0.03125	0.5	3	0	9993	3799	0.6666666666666666	0	194	388
#	1	0	0	0	0	1	0.0	0.0	1	0	3801	3801	0.8333333333333334	0	0	194
0	0	#	0	1	0	1	0.03206801856076874	0.5025906735751295	2	0	9970	3811	0.8333333333333334	0	97	193
1	1	0	#	0	#	0	0.03125	0.5	3	0	9998	3816	0.6666666666666666	0	194	388
0	#	#	1	0	#	0	0.000963945583016799	0.24935064935064935	1	0	9971	3829	0.5	0	192	770
0	1	1	1	0	0	0	0.0	0.0	1	0	3835	3835	1.0	0	0	96
0	#	0	1	1	0	1	0.03125	0.5	4	0	9948	3835	0.8333333333333334	0	96	192
1	#	0	1	1	0	0	0.03125	0.5	3	0	9949	3836	0.8333333333333334	0	96	192
1	0	1	1	#	#	0	0.03084416135591441	0.49869451697127937	5	0	9975	3869	0.6666666666666666	0	191	383
0	#	0	#	0	#	0	0.23782486416896284	0.7503285151116952	7	0	9990	3905	0.5	0	571	761
#	#	1	#	#	1	1	0.23756483293378394	0.7501643655489809	2	0	9992	3911	0.3333333333333333	0	1141	1521
0	1	#	#	#	0	0	0.03125	0.5	4	0	9990	3923	0.5	0	380	760
1	0	0	#	0	0	1	0.0	0.0	3	0	3945	3945	0.8333333333333334	0	0	189
#	#	0	1	1	#	1	0.095367431640625	0.625	1	0	9976	3962	0.5	0	470	752
0	1	#	0	1	0	1	0.0	0.0	3	0	3965	3965	0.8333333333333334	0	0	188
0	1	#	1	#	1	0	0.0	0.0	4	0	3965	3965	0.6666666666666666	0	0	377
0	0	#	0	0	0	1	0.03125	0.5	4	0	9993	3989	0.8333333333333334	0	94	188
#	0	1	#	0	#	1	0.03145861074074154	0.5006657789613849	2	0	9993	3990	0.5	0	376	751
0	#	0	1	#	1	0	0.03125	0.5	5	0	9972	4047	0.6666666666666666	0	186	372
0	1	#	#	1	0	1	0.03125	0.5	7	0	9978	4053	0.6666666666666666	0	186	372
1	0	1	0	0	#	1	0.0	0.0	2	0	4057	4057	0.8333333333333334	0	0	186
1	#	0	1	0	1	1	0.03210377483592405	0.5027027027027027	6	0	9996	4067	0.8333333333333334	0	93	185
1	#	0	0	1	0	0	0.03210377483592405	0.5027027027027027	7	0	9999	4081	0.8333333333333334	0	93	185
1	1	#	1	0	#	0	0.030828847131435928	0.4986449864498645	2	0	9974	4096	0.6666666666666666	0	184	369
0	0	0	0	1	0	1	0.0	0.0	6	0	4097	4097	1.0	0	0	92
1	0	#	#	1	1	0	0.0	0.0	1	0	4111	4111	0.6666666666666666	0	0	368
#	#	0	0	0	1	0	0.23622896539435098	0.7493188010899182	5	0	9986	4118	0.6666666666666666	0	275	367
#	#	1	#	1	0	1	0.095367431640625	0.625	3	0	9997	4124	0.5	0	460	736
0	#	1	0	#	#	1	0.03125	0.5	5	0	9993	4173	0.5	0	364	728
#	0	#	0	0	0	1	0.0009765625	0.25	2	0	9993	4182	0.6666666666666666	0	91	364
1	1	0	1	0	0	1	0.0	0.0	4	0	4186	4186	1.0	0	0	91
0	#	1	#	#	#	0	0.000983297388254973	0.25034387895460797	4	0	9980	4187	0.3333333333333333	0	364	1454
0	1	0	1	1	0	0	0.0	0.0	2	0	4194	4194	1.0	0	0	90
1	1	#	1	0	1	0	0.0	0.0	2	0	4207	4207	0.8333333333333334	0	0	182
0	#	1	1	0	1	0	0.0	0.0	1	0	4250	4250	0.8333333333333334	0	0	179
#	0	1	1	#	0	1	0.24062823077098175	0.7520891364902507	1	0	9997	4282	0.6666666666666666	0	270	359
1	#	0	1	0	#	1	0.0010182899713623455	0.25210084033613445	6	0	9996	4289	0.6666666666666666	0	90	357
#	0	0	1	1	1	0	0.03125	0.5	3	0	9972	4291	0.8333333333333334	0	89	178
#	#	#	1	#	0	0	0.03114050466274113	0.49964912280701756	1	0	9974	4298	0.3333333333333333	0	712	1425
0	#	0	1	1	1	1	0.03125	0.5	6	0	9955	4305	0.8333333333333334	0	89	178
0	#	1	0	0	0	1	0.03214279965941303	0.5028248587570622	2	0	9993	4334	0.8333333333333334	0	89	177
#	1	0	1	0	1	0	0.0	0.0	5	0	4355	4355	0.8333333333333334	0	0	177
1	#	1	1	0	1	1	0.03125	0.5	6	0	9981	4356	0.8333333333333334	0	88	176
1	#	1	1	0	#	1	0.0009765625	0.25	2	0	9981	4371	0.6666666666666666	0	88	352
0	#	#	0	0	1	0	0.23618002276031236	0.7492877492877493	9	0	9985	4386	0.6666666666666666	0	263	351
1	1	0	1	#	#	0	0.03080485058305451	0.498567335243553	6	0	9974	4410	0.6666666666666666	0	174	349
#	0	1	0	0	#	1	0.032153119700315355	0.5028571428571429	5	0	9993	4411	0.6666666666666666	0	176	350
1	#	#	#	0	1	1	0.03125	0.5	5	0	9996	4448	0.5	0	347	694
1	0	0	1	#	0	1	0.03125	0.5	4	0	9964	4469	0.8333333333333334	0	86	172
0	0	1	1	0	1	0	0.0	0.0	3	0	4470	4470	1.0	0	0	87
0	#	0	1	0	#	0	0.03125	0.5	3	0	9971	4486	0.6666666666666666	0	172	344
1	#	1	0	1	0	1	0.03125	0.5	5	0	9956	4513	0.8333333333333334	0	86	172
1	0	1	#	1	0	0	0.0	0.0	3	0	4527	4527	0.8333333333333334	0	0	171
0	#	0	#	0	1	1	0.0009765625	0.25	3	0	9958	4554	0.6666666666666666	0	85	340
1	#	#	0	1	0	1	0.03125	0.5	3	0	9961	4560	0.6666666666666666	0	170	340
#	#	1	1	0	1	0	0.000991051304588951	0.25073746312684364	1	0	9975	4574	0.6666666666666666	0	85	339
1	0	0	0	0	1	0	1.0	1.0	14	0	9986	4598	1.0	0	85	85
0	0	0	#	0	1	1	0.0	0.0	1	0	4627	4627	0.8333333333333334	0	0	167
0	0	1	#	1	0	0	0.0	0.0	3	0	4628	4628	0.8333333333333334	0	0	168
0	#	0	1	1	0	0	0.03125	0.5	3	0	9967	4635	0.8333333333333334	0	84	168
#	0	0	#	1	1	1	0.03125	0.5	2	0	9984	4658	0.6666666666666666	0	168	336
0	#	#	1	0	0	0	0.0009619872020020531	0.24924924924924924	2	0	9966	4659	0.6666666666666666	0	83	333
1	1	#	0	0	#	1	0.03172491530321712	0.5015105740181269	4	0	9994	4694	0.6666666666666666	0	166	331
#	#	0	#	#	1	0	0.03125	0.5	1	0	9995	4702	0.3333333333333333	0	662	1324
#	0	1	#	1	1	0	0.0	0.0	1	0	4704	4704	0.6666666666666666	0	0	331
0	0	0	0	#	#	1	0.0	0.0	1	0	4711	4711	0.6666666666666666	0	0	330
#	1	0	#	#	#	1	0.030896230062853348	0.4988627748294162	1	0	9996	4717	0.3333333333333333	0	658	1319
#	0	#	0	0	#	1	0.0010141760893744008	0.251896813353566	1	0	9993	4729	0.5	0	166	659
0	#	0	1	#	0	1	0.03125	0.5	3	0	9948	4745	0.6666666666666666	0	164	328
0	1	#	0	0	0	1	0.0	0.0	3	0	4770	4770	0.8333333333333334	0	0	164
#	#	1	0	0	1	1	0.030775084830147702	0.4984709480122324	2	0	9987	4776	0.6666666666666666	0	163	327
0	1	0	1	0	#	0	0.0	0.0	2	0	4787	4787	0.8333333333333334	0	0	162
1	0	0	0	0	1	1	0.0	0.0	2	0	4810	4810	1.0	0	0	81
1	#	0	#	#	#	1	0.031129529827391016	0.4996138996138996	1	0	9996	4823	0.3333333333333333	0	647	1295
1	0	#	1	#	0	0	0.03076923994291595	0.4984520123839009	6	0	9973	4840	0.6666666666666666	0	161	323
0	1	0	#	#	#	1	0.03076626321556655	0.4984423676012461	6	0	9958	4861	0.5	0	320	642
#	#	0	1	#	1	0	0.007358106356289189	0.374414976599064	1	0	9972	4865	0.5	0	240	641
#	0	#	0	#	0	0	0.03125	0.5	3	0	9977	4875	0.5	0	320	640
1	1	1	0	0	0	1	0.0	0.0	1	0	4884	4884	1.0	0	0	80
#	0	0	1	0	0	1	0.0	0.0	2	0	4887	4887	0.8333333333333334	0	0	160
1	1	0	#	#	#	1	0.03100547851068983	0.49921507064364207	3	0	9996	4894	0.5	0	318	637
0	#	#	1	1	#	0	0.0009997761023592734	0.25117739403453687	2	0	9972	4909	0.5	0	160	637
0	#	#	1	0	1	0	0.0009612561809468883	0.24921135646687698	1	0	9971	4934	0.6666666666666666	0	79	317
1	#	0	#	#	0	0	0.2379301607624849	0.7503949447077409	5	0	9999	4942	0.5	0	475	633
#	0	1	0	0	0	1	0.03125	0.5	2	0	9993	4944	0.8333333333333334	0	79	158
1	#	#	#	0	1	0	0.031498408924124144	0.5007923930269413	5	0	9986	4955	0.5	0	316	631
1	1	0	#	1	0	1	0.0	0.0	3	0	4977	4977	0.8333333333333334	0	0	157
0	1	0	0	#	1	1	0.0	0.0	1	0	5017	5017	0.8333333333333334	0	0	155
#	0	0	#	1	0	0	0.03125	0.5	4	0	9967	5041	0.6666666666666666	0	154	308
1	#	1	1	#	0	1	0.0010248979308171181	0.2524271844660194	1	0	9988	5048	0.6666666666666666	0	78	309
0	0	0	#	#	1	1	0.0	0.0	1	0	5074	5074	0.6666666666666666	0	0	308
1	0	0	1	0	1	1	0.0	0.0	3	0	5083	5083	1.0	0	0	77
#	#	1	#	0	0	0	0.09304904751139632	0.6219312602291326	1	0	9960	5098	0.5	0	380	611
1	#	0	0	0	1	0	0.03125	0.5	6	0	9986	5139	0.8333333333333334	0	76	152
#	#	1	0	#	#	1	0.03125	0.5	1	0	9993	5144	0.3333333333333333	0	607	1214
1	#	1	#	0	1	0	0.031769091625615795	0.5016501650165016	2	0	9975	5160	0.6666666666666666	0	152	303
0	#	#	#	0	1	1	0.03125	0.5	1	0	9992	5198	0.5	0	300	600
#	0	1	1	1	0	0	0.0	0.0	4	0	5201	5201	0.8333333333333334	0	0	150
0	#	#	#	1	0	1	0.03151260356469432	0.5008375209380235	1	0	9997	5226	0.5	0	299	597
0	0	1	1	#	#	0	0.0	0.0	3	0	5287	5287	0.6666666666666666	0	0	295
0	1	0	0	#	0	1	0.0	0.0	3	0	5290	5290	0.8333333333333334	0	0	147
0	1	0	#	#	0	1	0.030720351259372992	0.49829351535836175	6	0	9948	5291	0.6666666666666666	0	146	293
0	1	0	#	#	1	1	0.030720351259372992	0.49829351535836175	5	0	9958	5312	0.6666666666666666	0	146	293
0	0	0	#	0	#	1	0.0	0.0	1	0	5365	5365	0.6666666666666666	0	0	289
0	0	1	0	0	#	0	0.0	0.0	4	0	5385	5385	0.8333333333333334	0	0	144
0	0	#	#	0	0	1	0.03125	0.5	3	0	9993	5392	0.6666666666666666	0	144	288
0	0	0	1	0	1	1	0.0	0.0	3	0	5393	5393	1.0	0	0	72
1	1	0	1	#	0	1	0.0	0.0	3	0	5399	5399	0.8333333333333334	0	0	144
1	0	1	0	0	0	1	0.0	0.0	1	0	5448	5448	1.0	0	0	71
0	0	0	#	0	0	1	0.0	0.0	2	0	5456	5456	0.8333333333333334	0	0	142
0	1	0	#	#	0	0	0.03181002158128543	0.501779359430605	3	0	9990	5486	0.6666666666666666	0	141	281
0	#	0	0	#	1	1	0.0	0.0	2	0	5506	5506	0.6666666666666666	0	0	281
#	1	1	1	1	#	0	0.0009765625	0.25	1	0	9953	5512	0.6666666666666666	0	70	280
0	1	0	1	#	0	0	0.0	0.0	4	0	5514	5514	0.8333333333333334	0	0	140
1	#	#	1	0	#	1	0.0009765625	0.25	2	0	9996	5518	0.5	0	140	560
#	1	1	#	0	0	1	0.001030602887106532	0.2527075812274368	3	0	9969	5541	0.6666666666666666	0	70	277
0	0	0	0	1	#	1	0.0	0.0	2	0	5565	5565	0.8333333333333334	0	0	139
#	0	#	1	#	0	0	0.030967452127508913	0.49909255898366606	1	0	9973	5593	0.5	0	275	551
0	1	#	1	0	1	0	0.0	0.0	1	0	5628	5628	0.8333333333333334	0	0	136
1	1	0	1	1	1	0	0.0	0.0	1	0	5631	5631	1.0	0	0	68
0	#	#	1	#	#	0	0.0009676360288624026	0.24954128440366974	2	0	9972	5634	0.3333333333333333	0	272	1090
1	1	1	0	1	1	0	0.0	0.0	1	0	5640	5640	1.0	0	0	68
0	0	1	#	0	1	0	0.0	0.0	2	0	5641	5641	0.8333333333333334	0	0	136
#	#	0	#	#	0	1	0.0009765625	0.25	1	0	9964	5652	0.3333333333333333	0	272	1088
0	0	1	1	1	0	0	0.0	0.0	3	0	5656	5656	1.0	0	0	68
0	0	1	#	0	0	0	0.0	0.0	1	0	5661	5661	0.8333333333333334	0	0	136
#	1	0	1	1	0	1	0.03125	0.5	3	0	9948	5726	0.8333333333333334	0	66	132
1	1	1	1	#	1	0	0.0	0.0	2	0	5731	5731	0.8333333333333334	0	0	134
#	#	1	1	#	#	0	0.0009719517315659873	0.24976348155156103	1	0	9975	5772	0.3333333333333333	0	264	1057
0	1	0	1	0	0	0	0.0	0.0	1	0	5801	5801	1.0	0	0	65
#	0	0	1	1	#	0	0.03125	0.5	3	0	9972	5885	0.6666666666666666	0	128	256
#	1	1	1	#	#	0	0.0009765625	0.25	4	0	9953	5902	0.5	0	128	512
#	#	#	1	0	1	0	0.00736742894075889	0.37450980392156863	2	0	9975	5923	0.5	0	191	510
#	1	0	#	1	0	1	0.0009574148104471968	0.2490118577075099	3	0	9948	5939	0.6666666666666666	0	63	253
#	1	0	#	0	#	1	0.030632430555994714	0.49800796812749004	1	0	9996	5999	0.5	0	250	502
1	0	0	0	#	1	0	0.03125	0.5	2	0	9986	6003	0.8333333333333334	0	63	126
0	1	1	#	1	0	0	0.03125	0.5	4	0	9980	6027	0.8333333333333334	0	62	124
0	0	0	1	#	1	1	0.0	0.0	1	0	6073	6073	0.8333333333333334	0	0	122
#	#	1	1	0	#	1	0.09675183821095444	0.6268041237113402	2	0	9992	6107	0.5	0	304	485
1	0	#	#	#	0	1	0.031576197588892595	0.501039501039501	2	0	9988	6142	0.5	0	241	481
1	#	0	0	#	#	0	0.03125	0.5	2	0	9999	6159	0.5	0	240	480
0	0	0	#	#	0	1	0.0	0.0	2	0	6179	6179	0.6666666666666666	0	0	239
1	1	#	1	#	0	1	0.0	0.0	1	0	6206	6206	0.6666666666666666	0	0	236
0	1	0	#	0	#	1	0.030596257441187054	0.4978902953586498	5	0	9958	6211	0.6666666666666666	0	118	237
0	1	#	0	#	#	1	0.0	0.0	1	0	6214	6214	0.5	0	0	472
#	0	0	#	0	1	1	0.0	0.0	2	0	6222	6222	0.6666666666666666	0	0	236
1	#	0	0	#	#	1	0.03091826203008146	0.4989339019189765	2	0	9994	6252	0.5	0	234	469
#	#	0	0	#	#	0	0.2373046875	0.75	1	0	9999	6265	0.3333333333333333	0	702	936
0	#	1	0	0	#	1	0.032608494584992084	0.5042735042735043	4	0	9993	6272	0.6666666666666666	0	118	234
1	0	1	1	0	1	1	0.0	0.0	4	0	6283	6283	1.0	0	0	58
#	0	0	1	#	1	1	0.0009765625	0.25	1	0	9976	6288	0.6666666666666666	0	58	232
#	#	0	#	#	#	0	0.09604349862967436	0.6258836324089179	2	0	9999	6319	0.16666666666666666	0	1151	1839
0	#	#	0	0	1	1	0.0010197666097036778	0.25217391304347825	1	0	9987	6324	0.6666666666666666	0	58	230
0	0	#	1	0	#	1	0.03193829956734161	0.5021834061135371	5	0	9992	6336	0.6666666666666666	0	115	229
1	#	#	1	0	0	1	0.0	0.0	1	0	6361	6361	0.6666666666666666	0	0	227
1	0	#	1	#	#	0	0.030567711897720097	0.4977973568281938	4	0	9975	6374	0.5	0	226	454
#	1	0	#	0	1	0	0.0009982630410102365	0.2511013215859031	1	0	9985	6387	0.6666666666666666	0	57	227
1	#	1	1	0	1	0	0.029891514349462245	0.49557522123893805	3	0	9975	6393	0.8333333333333334	0	56	113
#	#	#	#	0	0	1	0.0009711311313869009	0.24972129319955408	1	0	9993	6413	0.3333333333333333	0	224	897
#	0	0	1	#	0	1	0.0009765625	0.25	1	0	9964	6429	0.6666666666666666	0	56	224
1	#	0	0	#	0	1	0.0009986557796319423	0.25112107623318386	1	0	9961	6432	0.6666666666666666	0	56	223
0	1	1	0	#	0	1	0.0	0.0	2	0	6439	6439	0.8333333333333334	0	0	111
0	1	0	0	0	#	1	0.0	0.0	2	0	6474	6474	0.8333333333333334	0	0	110
0	#	#	#	#	0	1	0.03125	0.5	1	0	9997	6478	0.3333333333333333	0	440	880
#	#	#	#	1	0	0	0.03125	0.5	1	0	9999	6535	0.3333333333333333	0	433	866
0	0	0	1	#	#	1	0.0	0.0	2	0	6544	6544	0.6666666666666666	0	0	216
0	0	#	1	1	1	0	0.032737831621428674	0.5046728971962616	3	0	9972	6545	0.8333333333333334	0	54	107
0	0	#	1	1	0	0	0.03125	0.5	3	0	9967	6561	0.8333333333333334	0	54	108
1	#	0	1	1	#	0	0.0009765625	0.25	1	0	9949	6590	0.6666666666666666	0	53	212
1	0	1	#	#	0	1	0.03125	0.5	1	0	9988	6600	0.6666666666666666	0	106	212
1	#	0	#	0	1	0	0.03125	0.5	3	0	9986	6604	0.6666666666666666	0	106	212
#	#	0	1	1	0	0	0.03125	0.5	2	0	9967	6614	0.6666666666666666	0	106	212
1	1	#	#	1	0	1	0.0	0.0	1	0	6625	6625	0.6666666666666666	0	0	210
1	1	1	0	0	1	0	0.0	0.0	2	0	6634	6634	1.0	0	0	52
#	0	1	#	0	1	1	0.03125	0.5	2	0	9992	6697	0.6666666666666666	0	104	208
1	1	0	0	0	1	0	0.0	0.0	2	0	6713	6713	1.0	0	0	52
0	#	1	0	#	0	0	0.030495204742989977	0.4975609756097561	4	0	9980	6728	0.6666666666666666	0	102	205
#	1	1	#	1	#	0	0.03125	0.5	3	0	9980	6738	0.5	0	204	408
1	1	1	#	1	0	1	0.0	0.0	1	0	6751	6751	0.8333333333333334	0	0	102
1	#	#	1	0	1	0	0.0297333027377109	0.49504950495049505	1	0	9975	6775	0.6666666666666666	0	100	202
0	1	1	1	#	#	0	0.0	0.0	1	0	6779	6779	0.6666666666666666	0	0	201
0	1	#	1	#	0	0	0.0	0.0	1	0	6829	6829	0.6666666666666666	0	0	198
#	#	1	1	#	0	1	0.09609765358583233	0.6259541984732825	1	0	9997	6852	0.5	0	246	393
#	1	0	#	1	#	1	0.03084625865653757	0.4987012987012987	2	0	9955	6893	0.5	0	192	385
#	0	1	#	#	0	0	0.0009272514843591112	0.24742268041237114	2	0	9960	6903	0.5	0	96	388
#	0	#	1	0	1	1	0.0010548576458823523	0.2538860103626943	2	0	9992	6910	0.6666666666666666	0	49	193
#	#	#	#	0	1	0	0.0314553212380528	0.5006553079947575	1	0	9986	6951	0.3333333333333333	0	382	763
0	1	#	0	#	1	1	0.0	0.0	1	0	6955	6955	0.6666666666666666	0	0	189
#	0	0	#	#	#	0	0.23519719919186724	0.7486631016042781	4	0	9995	7009	0.3333333333333333	0	560	748
#	1	0	#	#	1	0	0.0009900880902535833	0.25068870523415976	1	0	9985	7091	0.5	0	91	363
0	#	0	1	#	#	0	0.03125	0.5	3	0	9972	7101	0.5	0	180	360
1	1	0	1	1	0	1	0.0	0.0	2	0	7111	7111	1.0	0	0	45
0	#	0	#	#	#	0	0.24066589012842193	0.752112676056338	2	0	9995	7151	0.3333333333333333	0	534	710
1	#	0	#	1	1	0	0.0	0.0	1	0	7169	7169	0.6666666666666666	0	0	176
#	#	#	1	0	0	1	0.007415771484375	0.375	1	0	9979	7170	0.5	0	132	352
0	0	1	#	0	#	0	0.0	0.0	4	0	7202	7202	0.6666666666666666	0	0	176
1	1	0	1	0	1	0	0.0	0.0	2	0	7242	7242	1.0	0	0	44
0	1	0	0	0	1	1	0.0	0.0	2	0	7360	7360	1.0	0	0	42
0	#	1	1	1	1	0	0.0	0.0	2	0	7363	7363	0.8333333333333334	0	0	82
#	1	1	#	0	#	1	0.03125	0.5	2	0	9981	7427	0.5	0	160	320
0	0	0	1	1	0	1	0.0	0.0	2	0	7430	7430	1.0	0	0	40
#	0	1	1	#	1	0	0.0009765625	0.25	1	0	9975	7436	0.6666666666666666	0	40	160
0	1	#	1	#	#	0	0.0	0.0	1	0	7447	7447	0.5	0	0	319
#	0	#	0	#	0	1	0.03224514345148966	0.5031446540880503	1	0	9993	7459	0.5	0	160	318
#	#	1	1	0	#	0	0.007294996031103861	0.3737704918032787	1	0	9975	7558	0.5	0	114	305
1	0	0	0	0	0	1	0.0	0.0	1	0	7578	7578	1.0	0	0	37
1	1	1	1	1	0	1	0.0	0.0	1	0	7630	7630	1.0	0	0	37
#	0	#	1	1	#	0	0.0009932270041362796	0.25084745762711863	1	0	9972	7636	0.5	0	74	295
#	0	#	#	1	#	0	0.0009598980024890215	0.24914089347079038	1	0	9995	7678	0.3333333333333333	0	145	582
1	#	1	0	#	0	1	0.0010111889532592253	0.2517482517482518	1	0	9956	7707	0.6666666666666666	0	36	143
#	#	1	#	0	#	1	0.03208254659387422	0.5026362038664324	1	0	9993	7721	0.3333333333333333	0	286	569
#	0	0	0	#	#	1	0.0009424203566471411	0.24822695035460993	1	0	9984	7744	0.5	0	70	282
#	0	#	0	1	1	0	0.0009765625	0.25	1	0	9995	7828	0.6666666666666666	0	34	136
1	1	1	1	1	1	0	0.0	0.0	1	0	7875	7875	1.0	0	0	33
0	#	1	1	0	#	0	0.0	0.0	1	0	7885	7885	0.6666666666666666	0	0	132
1	1	#	1	1	1	0	0.0	0.0	1	0	7888	7888	0.8333333333333334	0	0	66
0	0	0	0	#	1	1	0.0	0.0	1	0	7972	7972	0.8333333333333334	0	0	63
#	#	0	0	#	1	0	0.09497881181710194	0.6244897959183674	2	0	9995	8026	0.5	0	153	245
#	0	#	1	0	0	1	0.0010169109223078334	0.25203252032520324	1	0	9979	8036	0.6666666666666666	0	31	123
1	#	1	0	0	1	1	0.03125	0.5	1	0	9944	8067	0.8333333333333334	0	30	60
0	#	#	1	#	1	0	0.0009765625	0.25	1	0	9972	8076	0.5	0	60	240
1	0	#	#	1	0	0	0.0	0.0	1	0	8186	8186	0.6666666666666666	0	0	113
#	1	#	0	0	#	1	0.0009765625	0.25	1	0	9994	8244	0.5	0	55	220
#	#	1	0	#	0	1	0.007415771484375	0.375	2	0	9993	8270	0.5	0	81	216
0	#	0	#	1	#	1	0.000909084894850136	0.24644549763033174	1	0	9955	8295	0.5	0	52	211
#	0	0	#	0	0	1	0.0	0.0	2	0	8346	8346	0.6666666666666666	0	0	103
#	1	1	#	0	#	0	0.03125	0.5	2	0	9963	8525	0.5	0	92	184
0	#	0	0	#	0	1	0.0	0.0	1	0	8627	8627	0.6666666666666666	0	0	86
0	0	1	0	#	0	0	0.0	0.0	1	0	8632	8632	0.8333333333333334	0	0	43
#	0	#	#	1	1	0	0.001039954939090475	0.25316455696202533	1	0	9995	8739	0.5	0	40	158
1	1	0	#	0	0	1	0.0	0.0	2	0	8766	8766	0.8333333333333334	0	0	39
1	1	#	0	0	1	0	0.0	0.0	1	0	8838	8838	0.8333333333333334	0	0	37
1	0	1	1	0	#	1	0.0	0.0	1	0	8913	8913	0.8333333333333334	0	0	34
0	0	0	1	1	1	1	0.0	0.0	2	0	8995	8995	1.0	0	0	16
#	#	1	1	#	0	0	0.006910803992351697	0.3697478991596639	1	0	9953	9044	0.5	0	44	119
0	0	1	0	#	#	0	0.0	0.0	1	0	9075	9075	0.6666666666666666	0	0	58
#	0	1	0	1	#	0	0.0	0.0	1	0	9116	9116	0.6666666666666666	0	0	56
0	0	0	#	1	0	1	0.0	0.0	1	0	9128	9128	0.8333333333333334	0	0	27
#	1	1	#	#	0	1	0.0009765625	0.25	1	0	9978	9148	0.5	0	26	104
1	1	0	0	#	1	0	0.0	0.0	1	0	9209	9209	0.8333333333333334	0	0	25
#	#	1	0	#	1	0	0.00668932236254087	0.3673469387755102	1	0	9963	9216	0.5	0	36	98
#	#	0	0	0	1	1	0.0009765625	0.25	1	0	9994	9232	0.6666666666666666	0	12	48
#	0	1	0	#	1	0	0.0009765625	0.25	1	0	9962	9244	0.6666666666666666	0	12	48
#	#	0	#	1	1	0	0.007415771484375	0.375	2	0	9995	9295	0.5	0	33	88
0	1	1	1	#	0	0	0.0	0.0	1	0	9343	9343	0.8333333333333334	0	0	20
0	#	1	1	#	1	0	0.0	0.0	1	0	9356	9356	0.6666666666666666	0	0	40
#	1	1	#	1	0	1	0.0009765625	0.25	1	0	9978	9410	0.6666666666666666	0	9	36
#	1	#	1	#	#	0	0.0009392935499937697	0.24806201550387597	1	0	9974	9473	0.3333333333333333	0	32	129
0	1	1	0	1	#	1	0.0	0.0	1	0	9475	9475	0.8333333333333334	0	0	16
0	#	0	1	0	#	1	0.03125	0.5	1	0	9958	9485	0.6666666666666666	0	16	32
1	#	#	0	0	#	1	0.0008938525841300908	0.24561403508771928	1	0	9994	9549	0.5	0	14	57
0	0	0	1	1	#	1	0.0	0.0	1	0	9584	9584	0.8333333333333334	0	0	13
#	#	0	1	#	0	1	0.007415771484375	0.375	1	0	9964	9612	0.5	0	18	48
#	#	1	0	#	0	0	0.08943359730521624	0.6170212765957447	1	0	9980	9623	0.5	0	29	47
#	1	#	#	1	1	0	0.0009765625	0.25	1	0	9952	9666	0.5	0	10	40
1	#	1	0	1	1	0	0.0	0.0	2	0	9691	9691	0.8333333333333334	0	0	10
#	1	#	1	0	0	1	0.023078380428451596	0.47058823529411764	1	0	9969	9713	0.6666666666666666	0	8	17
0	0	0	0	0	1	1	0.0	0.0	1	0	9765	9765	1.0	0	0	3
1	#	1	0	#	1	0	0.00045182066995894555	0.21428571428571427	1	0	9962	9785	0.6666666666666666	0	3	14
#	0	#	1	#	#	0	0.026221056655577907	0.4827586206896552	1	0	9975	9888	0.3333333333333333	0	14	29
0	1	1	0	0	0	1	0.0	0.0	1	0	9897	9897	1.0	0	0	1
0	#	#	0	#	#	1	0.0016538171687920206	0.2777777777777778	1	0	9993	9926	0.3333333333333333	0	5	18
1	#	#	1	#	1	0	0.0009765625	0.25	1	0	9975	9932	0.5	0	2	8
#	1	0	0	0	#	1	0.0009765625	0.25	1	0	9994	9936	0.6666666666666666	0	1	4
#	#	0	0	1	#	1	0.010240000000000003	0.4	1	0	9984	9949	0.5	0	2	5
