Explore_Iteration	MacroPopSize	MicroPopSize	Accuracy_Estimate	AveGenerality	ExpRules	Time(min)
64	69	91	0.703125	0.46336996336996344
128	111	165	0.75	0.41717171717171714
192	159	251	0.78125	0.38047808764940266
256	201	339	0.796875	0.349557522123894
320	224	409	0.8125	0.3439282803585984
384	255	485	0.8125	0.33470790378006876
448	292	573	0.84375	0.3286794648051194
512	320	659	0.859375	0.3211937278705108
576	351	749	0.890625	0.3137516688918558
640	382	841	0.921875	0.3067776456599287
704	405	909	0.9375	0.30546387972130534
768	420	981	0.953125	0.3053007135575937
832	438	1051	0.96875	0.3043133523628285
896	469	1137	0.984375	0.29976546467311604
960	487	1213	0.984375	0.29870843638362166
1024	513	1299	0.984375	0.2972799589427763
1088	529	1369	0.984375	0.29656683710737747
1152	549	1433	0.984375	0.2946033961386368
1216	580	1527	0.984375	0.292839991268282
1280	598	1593	0.984375	0.2921113203599078
1344	625	1687	0.984375	0.2911479944674964
1408	648	1759	0.984375	0.2890847072200113
1472	668	1843	0.984375	0.28893109061313077
1536	687	1919	0.984375	0.28860517630710436
1600	703	2005	0.984375	0.2876142975893597
1664	726	2095	0.984375	0.28711217183770876
1728	740	2163	0.984375	0.2857913391893975
1792	750	2231	1.0	0.2853727775287615
1856	769	2315	0.984375	0.28394528437725
1920	783	2395	1.0	0.28302018093249853
1984	795	2469	1.0	0.2817604968273256
2048	805	2559	1.0	0.28135990621336443
2112	818	2633	1.0	0.28016204582858567
2176	835	2729	1.0	0.2790399413704653
2240	847	2797	1.0	0.2780955785961149
2304	863	2883	1.0	0.2767950052029136
2368	875	2961	1.0	0.2766520319711809
2432	890	3046	1.0	0.2758262201794703
2496	903	3134	1.0	0.2753669432035736
2560	916	3208	1.0	0.27488570241063986
2624	926	3280	1.0	0.2744410569105691
2688	933	3348	1.0	0.27434289127837513
2752	938	3426	1.0	0.273594084452228
2816	943	3484	1.0	0.27320130118637576
2880	952	3580	1.0	0.2730446927374302
2944	967	3672	1.0	0.27278503994190273
3008	972	3748	1.0	0.2728121664887941
3072	983	3832	1.0	0.27266005567153784
3136	993	3912	1.0	0.27202624403544656
3200	999	3986	1.0	0.2723281485198197
3264	1007	4058	1.0	0.27205519960571717
3328	1011	4130	1.0	0.271267150928168
3392	1023	4198	1.0	0.2713196760362077
3456	1029	4272	1.0	0.27095037453183535
3520	1036	4362	1.0	0.27082378114015
3584	1043	4436	1.0	0.27021340547039385
3648	1047	4510	1.0	0.2693274205469327
3712	1052	4580	1.0	0.26906841339155774
3776	1056	4648	1.0	0.2683950086058523
3840	1065	4728	1.0	0.2681895093062609
3904	1066	4816	1.0	0.2682378183831676
3968	1073	4894	1.0	0.26781092494210634
4032	1075	4958	1.0	0.26748016673389857
4096	1080	5032	1.0	0.2672893481717015
4160	1085	5120	1.0	0.2668945312500003
4224	1091	5200	1.0	0.26673076923076955
4288	1093	5270	1.0	0.26622390891840636
4352	1098	5346	1.0	0.2660556179074702
4416	1104	5424	1.0	0.2657940019665689
4480	1107	5502	1.0	0.26538834363261904
4544	1110	5570	1.0	0.2656493117893484
4608	1114	5644	1.0	0.2655917788802275
4672	1119	5728	1.0	0.2652176443202985
4736	1125	5808	1.0	0.2651802112029388
4800	1129	5876	1.0	0.2647492625368736
4864	1133	5956	1.0	0.2644672039400049
4928	1139	6040	1.0	0.2645419426048569
4992	1144	6120	1.0	0.2642973856209153
5056	1147	6192	1.0	0.2641580534022398
5120	1150	6278	1.0	0.26375172560263366
5184	1153	6348	1.0	0.2636788489813066
5248	1156	6432	1.0	0.2635261194029852
5312	1159	6504	1.0	0.2633507585075854
5376	1161	6580	1.0	0.26319655521783214
5440	1165	6666	1.0	0.26335133513351366
5504	1168	6730	1.0	0.2630757800891535
5568	1174	6810	1.0	0.26267743514439584
5632	1177	6878	1.0	0.2624309392265197
5696	1183	6972	1.0	0.2623111493593423
5760	1185	7058	1.0	0.26206668555775997
5824	1187	7130	1.0	0.26199158485273555
5888	1188	7204	1.0	0.2617758652600411
5952	1191	7292	1.0	0.2619308831596273
6016	1193	7370	1.0	0.2617819990954323
6080	1195	7426	1.0	0.2614911571954398
6144	1197	7504	1.0	0.2611718194740587
6208	1200	7580	1.0	0.261147757255937
6272	1205	7674	1.0	0.26120667187907254
6336	1210	7752	1.0	0.261072411420709
6400	1215	7844	1.0	0.2610275369709335
6464	1219	7932	1.0	0.26065305093293023
6528	1221	8014	1.0	0.2606480326096
6592	1226	8094	1.0	0.26046042335886704
6656	1231	8172	1.0	0.2604013705335295
6720	1233	8262	1.0	0.2603082385217462
6784	1238	8346	1.0	0.26000479271507326
6848	1239	8428	1.0	0.2598679006486317
6912	1243	8508	1.0	0.25946168312176804
6976	1245	8592	1.0	0.25946617008069545
7040	1246	8668	1.0	0.2592870327641905
7104	1248	8728	1.0	0.25933776351970705
7168	1250	8794	1.0	0.259343491774695
7232	1253	8874	1.0	0.2592404778003157
7296	1254	8958	1.0	0.25924685569695616
7360	1254	9038	1.0	0.2589990410857859
7424	1256	9108	1.0	0.258893280632411
7488	1261	9184	1.0	0.25867450638792105
7552	1261	9258	1.0	0.2585871678548284
7616	1263	9336	1.0	0.258497572122251
7680	1266	9416	1.0	0.25862007929764963
7744	1268	9484	1.0	0.25852312666947863
7808	1269	9550	1.0	0.25849912739965114
7872	1270	9626	1.0	0.2585705381259093
7936	1273	9700	1.0	0.2586082474226806
8000	1274	9774	1.0	0.25847486528886177
8064	1276	9840	1.0	0.25851964769647706
8128	1278	9906	1.0	0.258446059627162
8192	1279	9972	1.0	0.2584737264340151
8256	1280	10054	1.0	0.25842119222863197
8320	1282	10120	1.0	0.25856389986824746
8384	1283	10192	1.0	0.2586342229199373
8448	1283	10260	1.0	0.2585769980506824
8512	1283	10332	1.0	0.2584043102335786
8576	1284	10402	1.0	0.2584919566749985
8640	1286	10482	1.0	0.2585384468612862
8704	1286	10564	1.0	0.2586141613025371
8768	1288	10640	1.0	0.25870927318295733
8832	1288	10704	1.0	0.25850149476831086
8896	1289	10788	1.0	0.25848164627363746
8960	1290	10862	1.0	0.25843920702142037
9024	1291	10936	1.0	0.258229700073153
9088	1293	11030	1.0	0.25818978543366594
9152	1296	11100	1.0	0.2581681681681683
9216	1297	11186	1.0	0.25809047023064546
9280	1300	11256	1.0	0.2582178393745558
9344	1302	11340	1.0	0.2581128747795415
9408	1303	11432	1.0	0.2580038488453465
9472	1304	11510	1.0	0.25806545033304373
9536	1307	11608	1.0	0.25782506317482184
9600	1309	11692	1.0	0.2577403352719807
9664	1311	11769	1.0	0.25790919647661936
9728	1314	11849	1.0	0.25764480828199293
9792	1316	11935	1.0	0.25781315458734794
9856	1316	12011	1.0	0.25780534510032477
9920	1318	12079	1.0	0.25780279824488783
9984	1322	12157	1.0	0.25779386361766876
