Population Characterization:------------------------------------------------------------------------
MacroPopSize	MicroPopSize	Generality
1144	6130	0.264382816748233

SpecificitySum:------------------------------------------------------------------------
A_0	A_1	R_0	R_1	R_2	R_3
4822	4902	4105	4438	4406	4383

AccuracySum:------------------------------------------------------------------------
A_0	A_1	R_0	R_1	R_2	R_3
3982.8916503743744	4044.7414198964498	3394.2529614334144	3678.6451724520725	3637.436672479441	3642.377968608823

CorrectTrackerSave:------------------------------------------------------------------------
1	1	1	1	1	1	1	1	1	1	1	1	1	1	1	1	1	1	1	1	1	1	1	1	1	1	1	1	1	1	1	1	1	1	1	1	1	1	1	1	1	1	1	1	1	1	1	1	1	1	1	1	1	1	1	1	1	1	1	1	1	1	1	1	