A_0	A_1	R_0	R_1	R_2	R_3	Phenotype	Fitness	Accuracy	Numerosity	AveMatchSetSize	TimeStampGA	InitTimeStamp	Specificity	DeletionProb	CorrectCount	MatchCount
#	#	#	0	1	1	1	0.0962850076067181	0.6261980830670927	7	0	4999	0	0.5	0	392	626
#	#	#	0	#	1	1	0.03125	0.5	5	0	4999	0	0.3333333333333333	0	626	1252
1	#	#	0	1	1	1	1.0	1.0	22	0	4999	0	0.6666666666666666	0	313	313
0	1	#	#	#	#	0	0.03150080128102434	0.5008	6	0	4998	1	0.3333333333333333	0	626	1250
1	0	#	0	0	#	0	1.0	1.0	19	0	4994	2	0.6666666666666666	0	313	313
#	#	#	#	1	1	1	0.23793817536009593	0.7504	7	0	4999	2	0.3333333333333333	0	938	1250
0	1	#	0	#	#	0	1.0	1.0	21	0	4998	2	0.5	0	625	625
1	#	1	0	0	1	0	0.03125	0.5	3	0	4970	3	0.8333333333333334	0	78	156
#	0	#	#	1	#	1	0.23825466501750045	0.750599520383693	5	0	4999	3	0.3333333333333333	0	939	1251
#	#	1	#	1	1	1	0.5134953852175069	0.8752	5	0	4999	5	0.5	0	547	625
#	1	#	0	#	#	1	0.0009765625	0.25	1	0	4990	6	0.3333333333333333	0	312	1248
0	0	#	#	1	#	1	0.03125	0.5	7	0	4978	6	0.5	0	312	624
#	#	#	#	1	#	1	0.095367431640625	0.625	2	0	4999	7	0.16666666666666666	0	1560	2496
#	0	1	#	#	1	1	0.2373046875	0.75	8	0	4999	8	0.5	0	468	624
0	#	#	#	0	#	1	0.031124900080641994	0.4995990376904571	1	0	4995	9	0.3333333333333333	0	623	1247
#	0	1	0	#	1	1	0.2373046875	0.75	9	0	4999	9	0.6666666666666666	0	234	312
#	#	1	#	1	#	1	0.2373046875	0.75	2	0	4999	10	0.3333333333333333	0	936	1248
#	0	#	#	1	1	1	0.2373046875	0.75	14	0	4999	10	0.5	0	468	624
0	#	#	#	#	1	0	0.031375501846421426	0.5004009623095429	1	0	4993	11	0.3333333333333333	0	624	1247
#	#	#	1	#	1	1	0.23698768956572133	0.7497995188452286	5	0	4997	12	0.3333333333333333	0	935	1247
0	1	#	#	#	#	1	0.03125	0.5	4	0	4991	12	0.3333333333333333	0	624	1248
#	#	#	#	#	0	0	0.09575043288092482	0.6255012028869287	1	0	4998	14	0.16666666666666666	0	1560	2494
0	#	#	0	0	#	1	0.0009532751183593497	0.24879614767255218	1	0	4995	16	0.5	0	155	623
1	#	#	#	1	1	1	1.0	1.0	28	0	4999	16	0.5	0	624	624
0	#	1	#	0	#	1	0.2354001653509851	0.748792270531401	9	0	4995	17	0.5	0	465	621
#	0	#	1	#	1	1	0.030750808994854082	0.4983922829581994	7	0	4997	17	0.5	0	310	622
#	#	1	1	1	1	1	1.0	1.0	8	0	4997	18	0.6666666666666666	0	311	311
#	#	#	1	1	1	1	0.512321141733413	0.8747993579454254	7	0	4997	19	0.5	0	545	623
1	#	#	0	#	1	1	0.23667052247664122	0.7495987158908507	13	0	4999	19	0.5	0	467	623
1	0	#	#	0	#	1	0.0	0.0	4	0	20	20	0.5	0	0	623
#	0	1	#	#	1	0	0.0009923641538677164	0.2508038585209003	2	0	4983	20	0.5	0	156	622
1	#	1	#	1	1	1	1.0	1.0	18	0	4999	24	0.6666666666666666	0	312	312
1	#	1	#	#	1	1	0.23667052247664122	0.7495987158908507	3	0	4999	25	0.5	0	467	623
#	#	#	1	0	1	1	0.0939932841461223	0.6231884057971014	2	0	4989	26	0.5	0	387	621
#	0	#	0	#	1	1	0.031755652923766926	0.5016077170418006	3	0	4999	28	0.5	0	312	622
1	0	1	0	#	1	1	0.03125	0.5	7	0	4999	30	0.8333333333333334	0	78	156
1	#	0	1	#	1	0	0.0010084736246631968	0.25161290322580643	1	0	4959	31	0.6666666666666666	0	78	310
1	#	#	0	1	#	0	0.0009609627810891901	0.2491961414790997	2	0	4976	31	0.5	0	155	622
0	1	#	0	#	1	0	1.0	1.0	17	0	4993	31	0.6666666666666666	0	311	311
1	0	#	#	0	#	0	1.0	1.0	11	0	4994	32	0.5	0	621	621
#	0	1	0	#	#	1	0.23667052247664122	0.7495987158908507	7	0	4999	32	0.5	0	467	623
0	1	#	0	#	0	0	1.0	1.0	25	0	4998	33	0.6666666666666666	0	312	312
1	0	1	#	#	1	1	0.03125	0.5	5	0	4999	36	0.6666666666666666	0	156	312
#	#	#	#	#	1	0	0.007440713515804037	0.37525191455058443	1	0	4994	37	0.16666666666666666	0	931	2481
1	0	1	#	1	1	1	1.0	1.0	23	0	4999	37	0.8333333333333334	0	156	156
#	0	1	1	1	1	1	1.0	1.0	24	0	4997	39	0.8333333333333334	0	155	155
1	0	0	1	#	1	0	0.030254859120342058	0.4967741935483871	1	0	4959	40	0.8333333333333334	0	77	155
#	0	#	0	0	#	0	0.2373046875	0.75	4	0	4994	41	0.5	0	465	620
1	0	1	0	0	1	0	1.0	1.0	14	0	4970	42	1.0	0	77	77
1	0	#	1	1	#	1	1.0	1.0	12	0	4997	45	0.6666666666666666	0	311	311
1	#	#	0	0	1	0	0.031758946941950465	0.5016181229773463	3	0	4994	45	0.6666666666666666	0	155	309
0	1	1	0	#	1	0	1.0	1.0	18	0	4971	50	0.8333333333333334	0	154	154
0	#	#	0	#	1	0	0.23602748547582986	0.7491909385113269	8	0	4993	51	0.5	0	463	618
1	#	1	0	0	#	0	0.2373046875	0.75	6	0	4970	52	0.6666666666666666	0	231	308
#	0	#	1	1	1	1	0.23986734932970938	0.7516129032258064	7	0	4997	52	0.6666666666666666	0	233	310
1	0	#	#	#	#	0	0.030873498374599205	0.49878934624697335	7	0	4994	53	0.3333333333333333	0	618	1239
0	1	#	0	0	#	0	1.0	1.0	18	0	4998	53	0.6666666666666666	0	310	310
#	0	#	#	0	#	0	0.23634704271506057	0.7493936944219887	4	0	4994	54	0.3333333333333333	0	927	1237
#	1	1	1	#	1	1	1.0	1.0	15	0	4991	55	0.6666666666666666	0	310	310
0	#	#	0	1	#	0	0.2379463980161281	0.7504051863857374	3	0	4988	55	0.5	0	463	617
1	#	#	0	1	#	1	0.2392277300107553	0.7512116316639742	8	0	4999	57	0.5	0	465	619
1	0	#	#	#	1	0	0.030749209090118065	0.49838709677419357	7	0	4994	57	0.5	0	309	620
0	0	#	0	0	1	0	0.030254859120342058	0.4967741935483871	2	0	4947	58	0.8333333333333334	0	77	155
#	1	#	#	#	#	0	0.03125	0.5	1	0	4998	58	0.16666666666666666	0	1235	2470
#	1	#	0	#	1	0	0.03125	0.5	4	0	4993	59	0.5	0	309	618
1	0	#	0	0	#	1	0.0	0.0	4	0	59	59	0.6666666666666666	0	0	309
1	0	#	0	0	1	0	1.0	1.0	18	0	4994	60	0.8333333333333334	0	155	155
0	#	#	0	1	1	1	0.0009765625	0.25	1	0	4962	63	0.6666666666666666	0	77	308
1	0	#	1	1	1	1	1.0	1.0	20	0	4997	63	0.8333333333333334	0	155	155
1	0	#	0	1	#	1	1.0	1.0	22	0	4999	65	0.6666666666666666	0	309	309
#	#	#	0	0	1	0	0.09505919844148691	0.6245954692556634	1	0	4994	65	0.5	0	386	618
#	1	#	0	0	1	1	0.03125	0.5	2	0	4952	66	0.6666666666666666	0	154	308
1	#	1	1	#	1	1	0.23858741255028879	0.7508090614886731	8	0	4997	67	0.6666666666666666	0	232	309
0	1	1	0	0	1	0	1.0	1.0	16	0	4971	67	1.0	0	77	77
#	#	#	0	1	1	0	0.007355870574687905	0.37439222042139386	2	0	4960	68	0.5	0	231	617
0	0	#	1	1	#	1	0.03125	0.5	7	0	4945	68	0.6666666666666666	0	154	308
1	#	#	1	1	1	1	1.0	1.0	24	0	4997	69	0.6666666666666666	0	308	308
1	0	#	0	#	1	0	0.03074759889725214	0.49838187702265374	9	0	4994	70	0.6666666666666666	0	154	309
0	1	#	0	1	0	0	1.0	1.0	18	0	4988	73	0.8333333333333334	0	154	154
1	0	#	#	1	1	1	1.0	1.0	27	0	4999	74	0.6666666666666666	0	308	308
1	#	1	0	1	#	1	0.2373046875	0.75	5	0	4999	74	0.6666666666666666	0	231	308
1	0	1	0	1	1	1	1.0	1.0	24	0	4999	75	1.0	0	77	77
0	#	#	#	1	#	0	0.03125	0.5	4	0	4988	77	0.3333333333333333	0	615	1230
0	#	1	0	1	#	0	0.03125	0.5	3	0	4988	82	0.6666666666666666	0	154	308
1	#	#	1	#	1	1	0.23666228211779275	0.7495934959349594	6	0	4997	82	0.5	0	461	615
1	0	1	0	0	#	0	1.0	1.0	19	0	4970	84	0.8333333333333334	0	154	154
1	#	#	1	0	1	1	0.03074434724762547	0.498371335504886	3	0	4989	85	0.6666666666666666	0	153	307
#	1	1	1	#	#	1	0.23666228211779275	0.7495934959349594	4	0	4991	86	0.5	0	461	615
#	1	1	1	#	1	0	0.0	0.0	5	0	86	86	0.6666666666666666	0	0	307
#	0	#	1	1	#	1	0.23601918300981134	0.749185667752443	6	0	4997	87	0.5	0	460	614
0	1	#	#	0	1	0	0.031762284157648694	0.501628664495114	5	0	4993	88	0.6666666666666666	0	154	307
#	0	0	1	1	1	1	0.03125	0.5	4	0	4984	89	0.8333333333333334	0	77	154
1	1	1	1	1	#	1	0.03125	0.5	7	0	4973	93	0.8333333333333334	0	77	154
#	#	#	0	#	1	0	0.03125	0.5	1	0	4994	93	0.3333333333333333	0	613	1226
#	0	1	1	0	#	0	0.03125	0.5	3	0	4983	97	0.6666666666666666	0	153	306
#	0	1	1	1	1	0	0.0	0.0	4	0	98	98	0.8333333333333334	0	0	153
1	#	#	0	0	1	1	0.030242020769037464	0.49673202614379086	1	0	4952	101	0.6666666666666666	0	152	306
#	1	#	1	1	#	1	0.23925299138389772	0.7512274959083469	5	0	4991	101	0.5	0	459	611
1	0	#	#	1	#	1	1.0	1.0	13	0	4999	103	0.5	0	615	615
1	0	1	#	1	#	1	1.0	1.0	19	0	4999	104	0.6666666666666666	0	307	307
0	#	#	1	1	1	1	0.23473090830137805	0.7483660130718954	6	0	4991	104	0.6666666666666666	0	229	306
#	0	#	0	0	1	0	0.23473090830137805	0.7483660130718954	4	0	4994	106	0.6666666666666666	0	229	306
1	0	#	1	#	1	1	0.031762284157648694	0.501628664495114	6	0	4997	106	0.6666666666666666	0	154	307
1	#	#	#	1	#	1	0.2389234037835294	0.7510204081632653	7	0	4999	107	0.3333333333333333	0	920	1225
#	0	1	#	1	1	1	1.0	1.0	22	0	4999	108	0.6666666666666666	0	306	306
0	1	#	#	0	#	0	0.031506566766603836	0.5008183306055647	6	0	4998	109	0.5	0	306	611
1	#	#	#	1	0	1	0.031507412117519444	0.5008210180623974	4	0	4996	112	0.5	0	305	609
1	0	0	#	#	0	0	0.031765665426185655	0.5016393442622951	8	0	4981	115	0.6666666666666666	0	153	305
1	#	1	1	1	1	1	1.0	1.0	21	0	4997	117	0.8333333333333334	0	153	153
0	1	#	0	0	1	1	0.0	0.0	4	0	126	126	0.8333333333333334	0	0	153
0	1	1	0	0	0	0	1.0	1.0	12	0	4965	127	1.0	0	76	76
1	0	0	0	#	0	1	0.03125	0.5	3	0	4969	128	0.8333333333333334	0	76	152
#	0	0	#	1	#	0	0.03125	0.5	2	0	4980	128	0.5	0	304	608
0	1	1	0	#	#	0	1.0	1.0	21	0	4988	129	0.6666666666666666	0	304	304
#	1	#	0	0	0	0	1.0	1.0	11	0	4998	130	0.6666666666666666	0	305	305
1	0	0	0	#	0	0	0.03125	0.5	4	0	4953	131	0.8333333333333334	0	76	152
0	1	#	0	0	1	0	1.0	1.0	20	0	4993	135	0.8333333333333334	0	152	152
#	0	1	0	0	#	0	0.031769091625615795	0.5016501650165016	8	0	4970	139	0.6666666666666666	0	152	303
1	0	0	#	1	#	0	0.0	0.0	4	0	139	139	0.6666666666666666	0	0	304
1	0	#	#	#	1	1	0.03125	0.5	3	0	4999	141	0.5	0	304	608
#	0	1	0	1	1	1	1.0	1.0	18	0	4999	142	0.8333333333333334	0	152	152
1	#	1	0	1	1	1	1.0	1.0	20	0	4999	143	0.8333333333333334	0	152	152
#	0	1	0	0	1	1	0.03125	0.5	3	0	4995	143	0.8333333333333334	0	76	152
#	1	0	0	1	0	0	1.0	1.0	14	0	4967	144	0.8333333333333334	0	151	151
0	0	#	#	1	#	0	0.03125	0.5	1	0	4980	144	0.5	0	303	606
1	0	1	#	0	1	0	1.0	1.0	12	0	4983	146	0.8333333333333334	0	152	152
#	1	#	1	1	1	0	0.0	0.0	1	0	148	148	0.6666666666666666	0	0	304
1	#	#	0	0	0	0	1.0	1.0	21	0	4968	148	0.6666666666666666	0	303	303
1	0	1	1	1	1	1	1.0	1.0	17	0	4997	149	1.0	0	76	76
1	0	0	#	1	1	0	0.0	0.0	4	0	151	151	0.8333333333333334	0	0	152
#	#	1	1	1	#	1	0.5117009546055663	0.8745874587458746	7	0	4997	151	0.5	0	530	606
0	#	#	#	1	0	0	0.03125	0.5	2	0	4988	152	0.5	0	303	606
0	0	#	1	#	#	1	0.03048285250532689	0.4975206611570248	3	0	4987	154	0.5	0	301	605
#	1	1	0	1	#	0	0.2373046875	0.75	4	0	4988	154	0.6666666666666666	0	228	304
#	#	#	0	#	0	1	0.0009846599888118936	0.25041322314049586	1	0	4978	155	0.3333333333333333	0	303	1210
1	1	#	#	0	0	0	1.0	1.0	14	0	4982	157	0.6666666666666666	0	301	301
#	0	0	0	#	0	0	0.23469696901276463	0.7483443708609272	4	0	4985	158	0.6666666666666666	0	226	302
#	0	0	#	1	1	0	0.03073771602291326	0.49834983498349833	1	0	4980	162	0.6666666666666666	0	151	303
0	1	#	0	1	1	0	1.0	1.0	18	0	4960	163	0.8333333333333334	0	150	150
1	#	1	1	#	#	1	0.03203251548635433	0.5024793388429752	2	0	4997	163	0.5	0	304	605
#	1	1	0	1	0	0	1.0	1.0	10	0	4988	164	0.8333333333333334	0	152	152
1	#	#	0	0	#	0	0.23927892526186206	0.7512437810945274	5	0	4994	164	0.5	0	453	603
1	#	#	#	#	0	0	0.23567081401863207	0.7489643744821872	4	0	4982	166	0.3333333333333333	0	904	1207
1	0	0	1	1	1	1	1.0	1.0	15	0	4984	166	1.0	0	76	76
#	1	1	0	1	1	0	0.030228846862298545	0.4966887417218543	3	0	4960	167	0.8333333333333334	0	75	151
1	#	1	1	1	#	1	0.24124653953202002	0.7524752475247525	5	0	4997	171	0.6666666666666666	0	228	303
#	0	#	#	0	1	0	0.2373046875	0.75	4	0	4994	171	0.5	0	453	604
0	0	1	0	0	1	0	0.0	0.0	2	0	175	175	1.0	0	0	76
#	#	1	0	0	#	0	0.09457666128490486	0.6239600665557404	2	0	4971	175	0.5	0	375	601
0	1	#	1	#	1	1	1.0	1.0	11	0	4991	177	0.6666666666666666	0	301	301
#	0	1	0	0	1	0	0.030228846862298545	0.4966887417218543	3	0	4970	178	0.8333333333333334	0	75	151
0	1	#	1	0	1	1	1.0	1.0	27	0	4966	180	0.8333333333333334	0	150	150
1	0	1	0	#	1	0	0.030228846862298545	0.4966887417218543	2	0	4970	180	0.8333333333333334	0	75	151
#	1	#	0	#	0	0	1.0	1.0	18	0	4998	184	0.5	0	602	602
0	1	#	0	0	0	0	1.0	1.0	14	0	4998	184	0.8333333333333334	0	151	151
1	0	1	1	1	#	1	1.0	1.0	19	0	4997	185	0.8333333333333334	0	152	152
1	1	1	1	#	#	1	0.031772563657484126	0.5016611295681063	3	0	4989	188	0.6666666666666666	0	151	301
0	1	1	0	0	#	0	1.0	1.0	19	0	4971	189	0.8333333333333334	0	150	150
#	0	1	#	0	#	0	0.03099088036983762	0.49916805324459235	4	0	4983	190	0.5	0	300	601
1	0	0	1	1	#	1	1.0	1.0	21	0	4984	192	0.8333333333333334	0	150	150
0	#	1	0	0	1	0	0.030228846862298545	0.4966887417218543	3	0	4971	194	0.8333333333333334	0	75	151
1	1	#	#	1	1	0	0.0	0.0	1	0	194	194	0.6666666666666666	0	0	300
1	#	1	#	1	#	1	0.2373046875	0.75	8	0	4999	201	0.5	0	450	600
1	1	#	0	0	0	0	1.0	1.0	25	0	4950	204	0.8333333333333334	0	150	150
#	1	#	0	0	#	0	0.23929215283852034	0.7512520868113522	4	0	4998	205	0.5	0	450	599
1	1	#	1	1	#	1	0.03125	0.5	6	0	4973	209	0.6666666666666666	0	150	300
1	#	1	0	#	1	1	0.2373046875	0.75	6	0	4999	209	0.6666666666666666	0	225	300
0	#	1	1	0	1	1	1.0	1.0	13	0	4944	211	0.8333333333333334	0	148	148
1	0	#	#	1	#	0	0.0	0.0	1	0	212	212	0.5	0	0	600
0	1	1	1	0	1	0	0.0	0.0	4	0	213	213	1.0	0	0	74
#	0	1	0	1	1	0	0.0	0.0	3	0	215	215	0.8333333333333334	0	0	150
#	1	#	0	1	0	0	1.0	1.0	17	0	4988	215	0.6666666666666666	0	299	299
1	0	1	0	1	#	1	1.0	1.0	21	0	4999	220	0.8333333333333334	0	150	150
#	1	#	0	1	0	1	0.0	0.0	1	0	224	224	0.6666666666666666	0	0	299
1	#	#	#	0	0	0	1.0	1.0	12	0	4982	225	0.5	0	595	595
#	1	#	0	1	1	1	0.03177964894694541	0.5016835016835017	5	0	4990	225	0.6666666666666666	0	149	297
0	1	0	0	#	0	0	1.0	1.0	21	0	4998	226	0.8333333333333334	0	150	150
#	1	#	0	1	1	0	0.030727436538013315	0.4983164983164983	6	0	4960	226	0.6666666666666666	0	148	297
0	1	0	0	#	1	0	1.0	1.0	22	0	4993	229	0.8333333333333334	0	149	149
0	#	1	1	1	1	1	1.0	1.0	19	0	4991	230	0.8333333333333334	0	149	149
1	1	0	0	1	0	0	1.0	1.0	12	0	4943	231	1.0	0	74	74
1	1	#	0	1	0	0	1.0	1.0	17	0	4976	234	0.8333333333333334	0	149	149
#	0	1	#	1	#	1	1.0	1.0	8	0	4999	234	0.5	0	596	596
1	0	1	1	#	1	1	0.03125	0.5	6	0	4997	235	0.8333333333333334	0	75	150
0	1	#	0	1	1	1	0.0	0.0	1	0	235	235	0.8333333333333334	0	0	148
0	1	0	0	1	0	0	1.0	1.0	23	0	4967	236	1.0	0	74	74
#	0	#	0	1	1	1	0.2399710055247544	0.7516778523489933	10	0	4999	237	0.6666666666666666	0	224	298
#	1	#	0	1	#	0	0.23664071285347374	0.7495798319327731	13	0	4988	238	0.5	0	446	595
#	0	#	0	1	#	1	0.23930555886178018	0.7512605042016807	5	0	4999	239	0.5	0	447	595
1	0	1	0	0	1	1	0.0	0.0	1	0	240	240	1.0	0	0	74
1	0	#	0	1	1	1	1.0	1.0	18	0	4999	243	0.8333333333333334	0	150	150
0	1	#	1	0	#	1	1.0	1.0	16	0	4977	246	0.6666666666666666	0	296	296
1	1	#	0	1	1	1	1.0	1.0	18	0	4990	247	0.8333333333333334	0	149	149
#	#	#	0	0	0	0	0.5141436700149561	0.8754208754208754	5	0	4998	247	0.5	0	520	594
0	1	1	1	0	1	1	1.0	1.0	24	0	4944	248	1.0	0	74	74
#	#	1	0	1	0	0	0.03177964894694541	0.5016835016835017	3	0	4988	249	0.6666666666666666	0	149	297
0	1	1	1	1	#	1	1.0	1.0	18	0	4991	249	0.8333333333333334	0	150	150
0	1	#	0	1	#	0	1.0	1.0	18	0	4988	250	0.6666666666666666	0	297	297
#	1	#	1	#	1	1	1.0	1.0	15	0	4991	253	0.5	0	593	593
0	1	1	0	1	#	0	1.0	1.0	17	0	4988	253	0.8333333333333334	0	148	148
#	1	#	#	0	0	0	0.23797239863508846	0.7504215851602024	6	0	4998	255	0.5	0	445	593
0	#	#	0	0	0	0	0.23863935616512075	0.7508417508417509	5	0	4998	256	0.6666666666666666	0	223	297
#	#	#	0	1	0	0	0.095367431640625	0.625	5	0	4988	264	0.5	0	370	592
1	0	1	1	#	#	1	0.03125	0.5	2	0	4997	270	0.6666666666666666	0	148	296
1	0	#	0	0	1	1	0.0	0.0	3	0	276	276	0.8333333333333334	0	0	148
0	1	#	#	1	0	0	0.03125	0.5	3	0	4988	278	0.6666666666666666	0	148	296
#	0	1	0	1	#	1	1.0	1.0	14	0	4999	278	0.6666666666666666	0	296	296
1	#	0	1	1	1	1	1.0	1.0	10	0	4984	281	0.8333333333333334	0	148	148
1	1	0	0	#	1	1	1.0	1.0	13	0	4949	282	0.8333333333333334	0	146	146
0	#	#	1	0	1	1	0.23462633247291279	0.7482993197278912	7	0	4966	283	0.6666666666666666	0	220	294
0	1	#	#	#	1	0	0.03125	0.5	3	0	4993	286	0.5	0	295	590
#	1	#	1	1	1	1	1.0	1.0	24	0	4991	287	0.6666666666666666	0	295	295
0	#	0	0	1	0	0	1.0	1.0	14	0	4967	289	0.8333333333333334	0	147	147
#	1	0	0	1	1	1	0.03125	0.5	3	0	4949	291	0.8333333333333334	0	73	146
#	1	#	0	#	#	0	0.23865300611570664	0.7508503401360545	4	0	4998	292	0.3333333333333333	0	883	1176
1	0	#	1	1	0	1	1.0	1.0	7	0	4996	292	0.8333333333333334	0	148	148
1	1	1	0	1	1	1	1.0	1.0	14	0	4990	294	1.0	0	74	74
1	0	1	0	0	0	0	1.0	1.0	20	0	4968	303	1.0	0	73	73
1	0	#	#	0	0	0	1.0	1.0	15	0	4981	304	0.6666666666666666	0	293	293
0	0	1	#	1	#	1	1.0	1.0	20	0	4978	305	0.6666666666666666	0	293	293
0	1	#	#	1	1	1	0.03178692900760871	0.5017064846416383	9	0	4991	307	0.6666666666666666	0	147	293
0	0	1	1	#	#	1	1.0	1.0	12	0	4987	307	0.6666666666666666	0	293	293
0	1	1	#	0	#	0	0.03125	0.5	6	0	4971	314	0.6666666666666666	0	146	292
0	#	#	0	0	#	0	0.23663167407236005	0.7495741056218058	7	0	4998	315	0.5	0	440	587
1	1	#	0	1	1	0	0.0	0.0	2	0	320	320	0.8333333333333334	0	0	146
1	0	0	0	1	1	1	1.0	1.0	11	0	4992	321	1.0	0	73	73
#	#	1	1	0	1	1	0.2373046875	0.75	2	0	4989	322	0.6666666666666666	0	219	292
0	#	1	#	1	#	1	0.2373046875	0.75	6	0	4991	322	0.5	0	438	584
#	0	#	#	#	1	1	0.031383890120848516	0.5004277159965783	1	0	4999	325	0.3333333333333333	0	585	1169
#	1	1	1	1	#	1	0.2373046875	0.75	6	0	4991	325	0.6666666666666666	0	219	292
1	0	#	#	0	0	1	0.0	0.0	1	0	326	326	0.6666666666666666	0	0	292
#	1	1	1	1	1	1	1.0	1.0	13	0	4991	329	0.8333333333333334	0	146	146
0	0	#	#	#	1	1	0.030982907550520807	0.49914236706689535	4	0	4995	329	0.5	0	291	583
0	1	1	1	1	1	1	1.0	1.0	23	0	4991	335	1.0	0	73	73
0	1	0	0	1	1	0	1.0	1.0	16	0	4946	337	1.0	0	73	73
0	#	1	#	#	#	1	0.23560917653339686	0.7489251934651763	5	0	4995	340	0.3333333333333333	0	871	1163
1	#	0	0	0	1	1	0.030187174898880603	0.496551724137931	2	0	4938	342	0.8333333333333334	0	72	145
1	1	#	0	#	#	0	0.03098106872590841	0.4991364421416235	4	0	4976	342	0.5	0	289	579
0	0	1	#	#	1	1	1.0	1.0	9	0	4995	343	0.6666666666666666	0	290	290
1	1	#	0	1	#	0	0.03125	0.5	6	0	4976	346	0.6666666666666666	0	145	290
1	#	#	1	1	0	1	0.03125	0.5	5	0	4996	346	0.6666666666666666	0	146	292
0	#	1	#	0	0	0	0.0009934576438817406	0.2508591065292096	1	0	4965	347	0.6666666666666666	0	73	291
0	1	1	#	1	#	1	0.03125	0.5	6	0	4991	349	0.6666666666666666	0	146	292
#	1	#	#	#	0	0	0.23764554450712494	0.7502153316106804	3	0	4998	351	0.3333333333333333	0	871	1161
1	0	#	0	#	#	0	0.030982907550520807	0.49914236706689535	5	0	4994	354	0.5	0	291	583
0	0	1	1	#	0	1	1.0	1.0	16	0	4987	360	0.8333333333333334	0	145	145
#	1	0	0	0	0	0	1.0	1.0	18	0	4998	364	0.8333333333333334	0	145	145
0	1	1	#	0	1	0	0.03125	0.5	2	0	4971	370	0.8333333333333334	0	72	144
#	#	1	1	#	#	1	0.2383302032032043	0.7506471095772217	4	0	4997	371	0.3333333333333333	0	870	1159
0	1	1	0	#	#	1	0.0	0.0	2	0	375	375	0.6666666666666666	0	0	289
1	1	1	0	1	#	1	0.03234255232410432	0.503448275862069	6	0	4990	377	0.8333333333333334	0	73	145
1	1	0	0	1	0	1	0.0	0.0	2	0	379	379	1.0	0	0	72
#	1	#	0	#	1	1	0.03125	0.5	5	0	4990	381	0.5	0	289	578
0	1	0	1	0	1	1	1.0	1.0	12	0	4966	381	1.0	0	72	72
1	#	1	#	1	#	0	0.0009515237699497068	0.24870466321243523	1	0	4976	383	0.5	0	144	579
1	1	#	0	1	0	1	0.0	0.0	2	0	384	384	0.8333333333333334	0	0	144
#	1	0	#	1	0	0	0.2373046875	0.75	4	0	4967	385	0.6666666666666666	0	216	288
0	0	1	#	#	#	1	1.0	1.0	10	0	4995	386	0.5	0	577	577
1	1	1	0	#	1	1	1.0	1.0	16	0	4990	387	0.8333333333333334	0	144	144
0	#	#	0	1	1	0	0.2373046875	0.75	8	0	4960	387	0.6666666666666666	0	216	288
1	1	#	0	#	1	1	1.0	1.0	20	0	4990	388	0.6666666666666666	0	288	288
#	#	#	#	0	0	0	0.2383373434128952	0.7506516072980017	2	0	4998	393	0.3333333333333333	0	864	1151
1	#	#	0	#	#	0	0.031114248684967448	0.4995648389904265	3	0	4994	399	0.3333333333333333	0	574	1149
1	1	0	1	#	1	1	1.0	1.0	10	0	4958	400	0.8333333333333334	0	143	143
1	1	1	#	1	#	1	0.03125	0.5	7	0	4990	402	0.6666666666666666	0	144	288
0	#	0	0	1	1	0	1.0	1.0	12	0	4946	404	0.8333333333333334	0	142	142
1	1	#	1	#	1	1	1.0	1.0	22	0	4989	405	0.6666666666666666	0	287	287
0	#	0	0	1	#	0	1.0	1.0	6	0	4967	406	0.6666666666666666	0	286	286
1	0	0	0	1	#	1	1.0	1.0	8	0	4992	408	0.8333333333333334	0	144	144
0	1	0	0	1	#	0	1.0	1.0	16	0	4967	409	0.8333333333333334	0	143	143
#	#	#	0	1	#	1	0.03166081819581012	0.5013077593722755	1	0	4999	409	0.3333333333333333	0	575	1147
1	1	#	#	1	0	0	1.0	1.0	7	0	4976	412	0.6666666666666666	0	287	287
0	1	1	0	1	1	0	1.0	1.0	11	0	4960	413	1.0	0	72	72
#	1	0	0	1	#	0	0.23869568420059764	0.7508771929824561	11	0	4967	414	0.6666666666666666	0	214	285
0	1	1	1	#	#	1	1.0	1.0	17	0	4991	416	0.6666666666666666	0	287	287
0	#	1	1	1	#	1	1.0	1.0	7	0	4991	417	0.6666666666666666	0	286	286
1	1	#	0	#	0	0	1.0	1.0	20	0	4976	418	0.6666666666666666	0	285	285
0	0	1	0	1	#	0	0.0	0.0	4	0	419	419	0.8333333333333334	0	0	143
0	1	#	#	1	#	0	0.03125	0.5	3	0	4988	419	0.5	0	286	572
1	0	#	#	#	0	0	0.030978262520522132	0.49912739965095987	2	0	4981	422	0.5	0	286	573
1	1	#	#	1	1	1	1.0	1.0	22	0	4990	422	0.6666666666666666	0	286	286
1	1	0	1	1	1	1	1.0	1.0	14	0	4958	424	1.0	0	71	71
#	#	1	0	0	0	0	0.2373046875	0.75	6	0	4968	424	0.6666666666666666	0	213	284
0	1	0	#	1	1	1	0.03125	0.5	2	0	4963	427	0.8333333333333334	0	71	142
#	1	#	1	0	#	1	0.23661283757026225	0.7495621716287215	3	0	4989	431	0.5	0	428	571
0	1	1	#	1	1	0	0.0301725180847762	0.4965034965034965	6	0	4960	432	0.8333333333333334	0	71	143
1	#	#	0	#	0	0	0.2373046875	0.75	8	0	4976	434	0.5	0	426	568
0	0	0	#	1	#	0	1.0	1.0	12	0	4980	437	0.6666666666666666	0	284	284
1	1	1	#	0	0	0	1.0	1.0	17	0	4954	437	0.8333333333333334	0	142	142
#	0	#	#	#	#	1	0.03152508633033764	0.5008771929824561	3	0	4999	440	0.16666666666666666	0	1142	2280
0	0	#	#	#	1	0	0.03097635895389902	0.4991212653778559	4	0	4980	442	0.5	0	284	569
1	1	1	#	#	1	1	1.0	1.0	16	0	4990	442	0.6666666666666666	0	286	286
1	1	0	0	1	1	1	1.0	1.0	8	0	4949	450	1.0	0	71	71
1	#	1	#	#	#	1	0.03152557148542265	0.5008787346221442	2	0	4999	452	0.3333333333333333	0	570	1138
#	#	#	0	#	0	0	0.2383519263287364	0.7506607929515419	3	0	4998	458	0.3333333333333333	0	852	1135
#	1	#	#	#	1	1	0.2369564270852916	0.7497797356828194	7	0	4991	459	0.3333333333333333	0	851	1135
#	1	1	0	#	#	0	0.2373046875	0.75	7	0	4988	460	0.5	0	426	568
0	1	#	1	1	1	1	1.0	1.0	21	0	4991	461	0.8333333333333334	0	142	142
0	0	0	0	1	#	0	1.0	1.0	10	0	4951	464	0.8333333333333334	0	141	141
1	0	1	1	1	1	0	0.0	0.0	1	0	469	469	1.0	0	0	71
0	0	#	#	1	0	1	0.03125	0.5	7	0	4978	472	0.6666666666666666	0	141	282
1	0	1	1	#	0	1	0.03237398642837216	0.5035460992907801	4	0	4996	472	0.8333333333333334	0	71	141
1	#	0	1	#	#	1	0.030975397134394834	0.4991181657848324	1	0	4984	473	0.5	0	283	567
0	1	1	1	#	1	1	1.0	1.0	24	0	4991	473	0.8333333333333334	0	141	141
1	1	#	#	#	1	1	1.0	1.0	18	0	4990	476	0.5	0	564	564
#	0	0	0	1	#	0	0.030157451412708515	0.49645390070921985	2	0	4951	478	0.6666666666666666	0	140	282
#	0	#	0	0	0	0	0.24012300134298675	0.75177304964539	1	0	4985	483	0.6666666666666666	0	212	282
1	0	0	#	1	1	1	1.0	1.0	20	0	4992	484	0.8333333333333334	0	142	142
1	1	1	0	1	0	0	1.0	1.0	12	0	4976	485	1.0	0	71	71
1	0	#	0	1	1	0	0.0	0.0	4	0	486	486	0.8333333333333334	0	0	142
1	1	1	#	0	#	0	0.030697893768794376	0.498220640569395	3	0	4954	487	0.6666666666666666	0	140	281
1	1	#	1	1	1	1	1.0	1.0	34	0	4973	490	0.8333333333333334	0	141	141
1	0	#	1	0	0	0	1.0	1.0	14	0	4981	492	0.8333333333333334	0	141	141
1	#	0	0	#	1	1	0.2345128987424522	0.74822695035461	2	0	4992	495	0.6666666666666666	0	211	282
#	0	0	#	1	#	1	0.03152851873702252	0.5008880994671403	2	0	4992	498	0.5	0	282	563
0	#	0	0	#	0	0	1.0	1.0	16	0	4998	500	0.6666666666666666	0	282	282
1	1	#	1	#	1	0	0.0	0.0	2	0	502	502	0.6666666666666666	0	0	281
1	0	0	1	0	0	0	1.0	1.0	14	0	4981	502	1.0	0	70	70
1	1	0	0	#	0	0	1.0	1.0	21	0	4943	503	0.8333333333333334	0	140	140
#	1	1	0	#	1	1	0.03181002158128543	0.501779359430605	5	0	4990	508	0.6666666666666666	0	141	281
1	#	#	1	1	#	1	0.23871553184279057	0.7508896797153025	6	0	4997	513	0.5	0	422	562
0	1	#	#	1	#	1	0.03125	0.5	4	0	4991	515	0.5	0	280	560
1	#	1	1	1	0	1	0.03125	0.5	1	0	4996	519	0.8333333333333334	0	70	140
1	1	#	0	#	#	1	0.03125	0.5	4	0	4990	520	0.5	0	280	560
0	#	0	#	1	1	1	0.0009765625	0.25	2	0	4963	521	0.6666666666666666	0	70	280
1	1	1	0	1	#	0	0.03125	0.5	4	0	4976	524	0.8333333333333334	0	70	140
1	0	0	1	1	1	0	0.0	0.0	1	0	525	525	1.0	0	0	70
1	1	1	0	#	#	0	0.03125	0.5	1	0	4976	527	0.6666666666666666	0	140	280
1	#	1	#	#	1	0	0.0009765625	0.25	1	0	4983	531	0.5	0	140	560
0	1	0	1	0	#	1	1.0	1.0	13	0	4966	532	0.8333333333333334	0	140	140
0	1	0	#	1	1	0	0.03014195744909584	0.49640287769784175	4	0	4946	536	0.8333333333333334	0	69	139
1	#	0	0	#	0	0	0.23305202557535512	0.7472924187725631	7	0	4953	537	0.6666666666666666	0	207	277
0	0	1	#	1	#	0	0.0	0.0	2	0	538	538	0.6666666666666666	0	0	278
#	1	0	0	#	0	0	1.0	1.0	15	0	4998	542	0.6666666666666666	0	278	278
0	0	1	1	1	#	1	1.0	1.0	21	0	4945	545	0.8333333333333334	0	138	138
0	1	0	0	#	#	0	1.0	1.0	10	0	4998	545	0.6666666666666666	0	279	279
0	#	1	0	0	#	0	0.03181406485117637	0.5017921146953405	3	0	4971	546	0.6666666666666666	0	140	279
0	0	1	0	1	#	1	1.0	1.0	13	0	4978	551	0.8333333333333334	0	139	139
1	0	0	#	#	1	1	0.03181406485117637	0.5017921146953405	3	0	4992	551	0.6666666666666666	0	140	279
1	0	1	0	#	0	0	0.03125	0.5	10	0	4968	553	0.8333333333333334	0	69	138
1	1	1	1	1	1	1	1.0	1.0	21	0	4973	556	1.0	0	70	70
0	#	0	0	#	1	0	1.0	1.0	12	0	4993	556	0.6666666666666666	0	277	277
1	1	0	1	0	1	1	1.0	1.0	10	0	4940	557	1.0	0	69	69
0	1	#	1	1	1	0	0.0	0.0	1	0	558	558	0.8333333333333334	0	0	139
1	1	1	#	1	1	1	1.0	1.0	13	0	4990	560	0.8333333333333334	0	139	139
#	1	1	#	0	0	0	0.2373046875	0.75	7	0	4965	565	0.6666666666666666	0	207	276
#	1	#	#	1	1	1	0.2387359540800823	0.7509025270758123	9	0	4991	567	0.5	0	416	554
0	1	#	1	1	#	1	1.0	1.0	9	0	4991	569	0.6666666666666666	0	278	278
0	0	1	#	1	1	1	1.0	1.0	12	0	4962	570	0.8333333333333334	0	138	138
1	0	0	#	0	1	1	0.0	0.0	1	0	571	571	0.8333333333333334	0	0	139
0	0	1	1	1	#	0	0.0	0.0	3	0	573	573	0.8333333333333334	0	0	138
#	#	0	0	1	1	0	0.03125	0.5	1	0	4946	576	0.6666666666666666	0	138	276
1	#	0	#	1	1	1	1.0	1.0	17	0	4992	578	0.6666666666666666	0	276	276
1	#	1	0	1	#	0	0.0009590618336434367	0.2490974729241877	1	0	4976	579	0.6666666666666666	0	69	277
0	0	#	0	#	0	1	0.03125	0.5	4	0	4978	579	0.6666666666666666	0	138	276
0	#	0	1	0	1	1	0.03125	0.5	3	0	4966	581	0.8333333333333334	0	69	138
1	1	1	0	#	0	0	1.0	1.0	23	0	4976	586	0.8333333333333334	0	138	138
1	1	1	0	0	0	0	1.0	1.0	20	0	4950	587	1.0	0	69	69
1	#	#	#	0	0	1	0.0	0.0	2	0	588	588	0.5	0	0	552
1	1	0	1	1	#	1	0.03125	0.5	6	0	4958	590	0.8333333333333334	0	69	138
#	1	0	0	#	#	1	0.0009677008299679522	0.2495446265938069	3	0	4949	592	0.5	0	137	549
1	#	0	#	1	0	0	0.03068593541422779	0.49818181818181817	2	0	4957	598	0.6666666666666666	0	137	275
1	#	0	#	1	#	1	0.23874638852622826	0.7509090909090909	4	0	4992	600	0.5	0	413	550
#	#	#	#	#	1	1	0.09510738608117321	0.6246587807097361	2	0	4999	603	0.16666666666666666	0	1373	2198
1	#	1	0	0	0	0	1.0	1.0	14	0	4968	605	0.8333333333333334	0	137	137
0	1	#	0	1	#	1	0.0	0.0	1	0	608	608	0.6666666666666666	0	0	274
0	0	0	0	1	0	0	1.0	1.0	11	0	4951	608	1.0	0	68	68
0	1	1	#	#	1	0	0.03125	0.5	4	0	4971	611	0.6666666666666666	0	137	274
1	1	1	0	#	0	1	0.0	0.0	4	0	612	612	0.8333333333333334	0	0	137
1	0	1	#	0	#	0	1.0	1.0	11	0	4983	615	0.6666666666666666	0	275	275
0	0	1	#	#	0	1	1.0	1.0	14	0	4987	620	0.6666666666666666	0	274	274
1	1	0	0	0	#	0	0.03125	0.5	2	0	4942	622	0.8333333333333334	0	68	136
1	0	1	#	#	0	0	0.030681833345493955	0.4981684981684982	2	0	4968	622	0.6666666666666666	0	136	273
1	0	0	#	0	#	1	0.0	0.0	2	0	623	623	0.6666666666666666	0	0	274
#	1	#	#	1	0	1	0.0009945797721300936	0.2509157509157509	1	0	4986	625	0.5	0	137	546
#	0	#	1	1	0	0	0.0009588072920466861	0.2490842490842491	1	0	4975	627	0.6666666666666666	0	68	273
1	#	#	0	1	0	0	0.03125	0.5	6	0	4976	628	0.6666666666666666	0	136	272
1	#	#	0	1	1	0	0.0	0.0	4	0	629	629	0.6666666666666666	0	0	275
1	1	1	1	#	1	1	1.0	1.0	17	0	4989	629	0.8333333333333334	0	137	137
1	1	0	0	#	#	1	0.03125	0.5	2	0	4949	630	0.6666666666666666	0	136	272
#	0	0	1	0	0	0	1.0	1.0	9	0	4981	636	0.8333333333333334	0	136	136
1	1	#	1	1	0	0	1.0	1.0	9	0	4961	637	0.8333333333333334	0	136	136
0	#	1	#	1	1	1	0.2373046875	0.75	4	0	4991	643	0.6666666666666666	0	204	272
0	#	1	0	#	#	0	0.03125	0.5	3	0	4988	646	0.5	0	272	544
0	0	#	#	1	1	1	0.03125	0.5	2	0	4962	647	0.6666666666666666	0	136	272
0	1	#	#	#	1	1	0.03125	0.5	4	0	4991	649	0.5	0	272	544
1	0	1	0	#	#	1	0.03125	0.5	3	0	4999	652	0.6666666666666666	0	136	272
0	#	#	#	1	1	1	0.031538815041043305	0.5009208103130756	1	0	4991	653	0.5	0	272	543
1	0	1	#	#	#	1	0.03125	0.5	4	0	4999	657	0.5	0	272	544
0	1	#	1	0	0	1	1.0	1.0	13	0	4977	659	0.8333333333333334	0	136	136
1	0	0	1	0	#	0	1.0	1.0	15	0	4981	659	0.8333333333333334	0	136	136
1	0	#	0	1	0	1	1.0	1.0	12	0	4969	665	0.8333333333333334	0	136	136
0	#	#	0	1	#	1	0.0010039410590592587	0.2513863216266174	1	0	4978	665	0.5	0	136	541
0	1	0	0	0	1	0	1.0	1.0	10	0	4993	668	1.0	0	68	68
0	0	1	#	0	0	1	1.0	1.0	10	0	4987	672	0.8333333333333334	0	135	135
1	#	#	#	#	#	0	0.03103388741341043	0.49930651872399445	1	0	4994	672	0.16666666666666666	0	1080	2163
1	0	0	1	#	0	0	0.03125	0.5	5	0	4981	674	0.8333333333333334	0	68	136
1	0	0	1	#	#	0	0.030677671178081144	0.4981549815498155	2	0	4981	679	0.6666666666666666	0	135	271
#	0	0	#	0	#	0	1.0	1.0	15	0	4994	682	0.5	0	541	541
0	0	1	1	1	1	1	1.0	1.0	11	0	4945	684	1.0	0	67	67
1	0	0	1	#	1	1	0.03125	0.5	3	0	4984	697	0.8333333333333334	0	67	134
1	0	0	0	1	0	1	1.0	1.0	9	0	4969	699	1.0	0	67	67
0	1	1	#	1	1	1	0.03242468166808801	0.5037037037037037	4	0	4991	701	0.8333333333333334	0	68	135
0	0	#	1	#	1	1	0.03125	0.5	5	0	4945	701	0.6666666666666666	0	134	268
0	#	#	0	#	#	0	0.2369370013489487	0.7497674418604651	4	0	4998	703	0.3333333333333333	0	806	1075
0	#	#	1	0	#	1	0.23656634119187572	0.7495327102803738	2	0	4987	716	0.5	0	401	535
1	#	1	#	0	0	0	1.0	1.0	10	0	4968	719	0.6666666666666666	0	268	268
1	1	1	0	#	#	1	0.03125	0.5	7	0	4990	725	0.6666666666666666	0	134	268
0	#	1	0	0	1	1	0.03125	0.5	2	0	4995	730	0.8333333333333334	0	67	134
0	1	0	#	0	1	0	0.03125	0.5	8	0	4993	737	0.8333333333333334	0	67	134
1	0	#	0	#	1	1	0.03125	0.5	3	0	4999	737	0.6666666666666666	0	134	268
#	1	#	1	0	1	1	1.0	1.0	13	0	4989	742	0.6666666666666666	0	265	265
#	1	1	0	0	0	0	1.0	1.0	18	0	4965	743	0.8333333333333334	0	132	132
0	1	#	#	0	0	0	0.03125	0.5	2	0	4998	748	0.6666666666666666	0	133	266
0	0	1	1	1	0	1	1.0	1.0	14	0	4941	750	1.0	0	66	66
1	0	#	1	0	#	0	1.0	1.0	13	0	4983	756	0.6666666666666666	0	266	266
1	0	0	#	#	#	0	0.030956850103530997	0.4990583804143126	2	0	4994	757	0.5	0	265	531
#	1	1	0	#	0	0	1.0	1.0	11	0	4988	758	0.6666666666666666	0	265	265
#	1	0	0	0	1	0	0.032442611706174254	0.5037593984962406	3	0	4993	759	0.8333333333333334	0	67	133
1	#	1	#	0	#	0	0.23507019600934992	0.7485822306238186	2	0	4983	760	0.5	0	396	529
0	0	0	0	#	0	0	1.0	1.0	17	0	4985	771	0.8333333333333334	0	132	132
#	1	#	#	1	0	0	0.2373046875	0.75	6	0	4988	774	0.5	0	396	528
#	1	0	1	1	1	1	1.0	1.0	13	0	4963	776	0.8333333333333334	0	132	132
1	#	0	#	#	#	0	0.03139838529803816	0.500473933649289	1	0	4994	778	0.3333333333333333	0	528	1055
1	1	1	#	0	1	1	1.0	1.0	14	0	4989	781	0.8333333333333334	0	132	132
1	1	1	1	#	0	0	1.0	1.0	13	0	4961	781	0.8333333333333334	0	132	132
#	1	#	#	#	1	0	0.0009858630280711977	0.2504743833017078	1	0	4993	783	0.3333333333333333	0	264	1054
#	1	1	1	0	1	1	1.0	1.0	11	0	4989	788	0.8333333333333334	0	131	131
#	#	0	0	1	0	0	0.23430086944568226	0.7480916030534351	5	0	4967	795	0.6666666666666666	0	196	262
0	#	0	#	#	1	0	0.23505323616721602	0.7485714285714286	6	0	4993	797	0.5	0	393	525
0	#	1	1	1	#	0	0.0	0.0	3	0	798	798	0.6666666666666666	0	0	262
1	1	0	0	0	0	0	1.0	1.0	28	0	4942	804	1.0	0	65	65
0	1	0	#	0	0	0	0.03246109752433022	0.5038167938931297	5	0	4998	816	0.8333333333333334	0	66	131
#	#	1	0	1	#	1	0.09609765358583233	0.6259541984732825	5	0	4999	817	0.5	0	328	524
0	#	1	1	#	0	1	1.0	1.0	11	0	4987	821	0.6666666666666666	0	262	262
#	0	1	1	#	1	1	0.238823918690063	0.7509578544061303	10	0	4997	825	0.6666666666666666	0	196	261
1	1	0	#	1	1	1	1.0	1.0	13	0	4958	825	0.8333333333333334	0	130	130
1	1	#	#	#	#	1	0.031551057505623384	0.5009596928982726	4	0	4990	828	0.3333333333333333	0	522	1042
1	1	0	0	#	#	0	0.03125	0.5	5	0	4943	838	0.6666666666666666	0	130	260
0	0	1	0	1	0	1	1.0	1.0	14	0	4978	838	1.0	0	65	65
#	1	1	0	0	0	1	0.0	0.0	2	0	843	843	0.8333333333333334	0	0	130
1	#	1	#	#	0	0	0.2373046875	0.75	3	0	4976	843	0.5	0	390	520
0	1	0	0	0	0	0	1.0	1.0	16	0	4998	844	1.0	0	65	65
1	1	1	#	#	#	1	0.03125	0.5	3	0	4990	847	0.5	0	260	520
0	1	1	1	#	0	1	1.0	1.0	18	0	4986	848	0.8333333333333334	0	130	130
0	1	1	0	1	0	0	1.0	1.0	12	0	4988	849	1.0	0	65	65
#	1	1	0	#	1	0	0.03125	0.5	4	0	4971	849	0.6666666666666666	0	130	260
1	0	1	#	0	0	0	1.0	1.0	14	0	4968	852	0.8333333333333334	0	129	129
1	0	#	0	#	0	0	0.03125	0.5	5	0	4968	856	0.6666666666666666	0	130	260
1	1	1	1	1	0	0	1.0	1.0	6	0	4961	857	1.0	0	65	65
0	1	1	1	0	0	1	1.0	1.0	11	0	4977	858	1.0	0	65	65
1	0	#	0	0	0	1	0.0	0.0	2	0	858	858	0.8333333333333334	0	0	129
1	#	#	#	#	1	1	0.23578155590252478	0.749034749034749	1	0	4999	861	0.3333333333333333	0	776	1036
1	1	#	#	#	0	0	1.0	1.0	9	0	4982	862	0.5	0	515	515
0	#	1	#	1	0	1	0.23578155590252478	0.749034749034749	3	0	4986	866	0.6666666666666666	0	194	259
0	#	#	1	1	#	1	0.2342545392889329	0.748062015503876	6	0	4991	867	0.5	0	386	516
1	#	0	#	#	1	1	0.23653770466592067	0.7495145631067961	5	0	4992	869	0.5	0	386	515
1	#	0	1	#	1	1	0.2388476256504066	0.7509727626459144	4	0	4984	870	0.6666666666666666	0	193	257
1	#	#	#	1	0	0	0.0309477779010002	0.49902912621359224	2	0	4976	873	0.5	0	257	515
0	1	1	#	#	1	1	0.03186272643523469	0.5019455252918288	6	0	4991	875	0.6666666666666666	0	129	257
1	0	1	1	0	0	0	1.0	1.0	8	0	4948	875	1.0	0	64	64
1	1	1	0	0	1	1	1.0	1.0	10	0	4952	876	1.0	0	64	64
1	1	1	#	#	0	0	1.0	1.0	17	0	4976	876	0.6666666666666666	0	257	257
#	0	#	0	1	0	1	0.2388476256504066	0.7509727626459144	5	0	4978	878	0.6666666666666666	0	193	257
1	0	0	1	1	0	1	1.0	1.0	6	0	4972	879	1.0	0	64	64
1	0	0	#	1	0	1	1.0	1.0	11	0	4972	885	0.8333333333333334	0	128	128
1	1	1	#	1	0	0	1.0	1.0	14	0	4976	890	0.8333333333333334	0	128	128
1	1	0	0	1	#	0	0.03125	0.5	7	0	4943	892	0.8333333333333334	0	64	128
0	#	1	1	0	#	1	1.0	1.0	9	0	4987	895	0.6666666666666666	0	256	256
#	1	1	#	1	#	1	0.03125	0.5	1	0	4991	900	0.5	0	256	512
#	0	#	1	#	1	0	0.030946604240741492	0.49902534113060426	1	0	4983	900	0.5	0	256	513
0	#	0	0	0	#	0	1.0	1.0	5	0	4998	906	0.6666666666666666	0	256	256
0	1	#	1	#	#	1	1.0	1.0	5	0	4991	907	0.5	0	512	512
1	0	1	0	#	#	0	0.03125	0.5	7	0	4970	910	0.6666666666666666	0	128	256
1	0	0	0	0	#	0	1.0	1.0	10	0	4994	910	0.8333333333333334	0	128	128
0	1	0	1	#	#	1	1.0	1.0	13	0	4966	911	0.6666666666666666	0	256	256
#	0	#	1	0	#	0	0.23885975876423607	0.7509803921568627	5	0	4983	916	0.5	0	383	510
0	1	0	#	1	0	0	0.032499843160313506	0.5039370078740157	4	0	4967	933	0.8333333333333334	0	64	127
#	0	0	0	1	1	1	0.032499843160313506	0.5039370078740157	3	0	4992	936	0.8333333333333334	0	64	127
0	1	0	1	1	1	1	1.0	1.0	8	0	4963	938	1.0	0	63	63
#	1	0	0	#	#	0	0.23887208421077794	0.7509881422924901	2	0	4998	938	0.5	0	380	506
#	1	#	#	1	#	0	0.030942423655349608	0.4990118577075099	3	0	4988	950	0.3333333333333333	0	505	1012
0	#	0	1	#	#	1	0.03125	0.5	3	0	4966	951	0.5	0	252	504
0	0	#	1	#	0	1	0.03187249039386427	0.5019762845849802	5	0	4987	952	0.6666666666666666	0	127	253
0	#	1	0	1	1	0	0.03125	0.5	2	0	4960	954	0.8333333333333334	0	63	126
1	0	0	#	1	#	1	1.0	1.0	11	0	4992	954	0.6666666666666666	0	253	253
#	#	#	1	1	#	1	0.23848062517330484	0.7507418397626113	2	0	4997	958	0.3333333333333333	0	759	1011
0	#	#	0	#	0	0	0.2380889058757898	0.7504950495049505	6	0	4998	961	0.5	0	379	505
#	0	1	#	#	#	1	0.23848062517330484	0.7507418397626113	3	0	4999	963	0.3333333333333333	0	759	1011
#	1	#	1	0	1	0	0.0	0.0	1	0	967	967	0.6666666666666666	0	0	252
1	1	#	#	1	#	0	0.03125	0.5	4	0	4976	968	0.5	0	252	504
0	#	#	0	0	0	1	0.0009195806836754602	0.24701195219123506	1	0	4937	969	0.6666666666666666	0	62	251
0	0	#	0	1	1	0	0.030019840638976	0.496	3	0	4939	975	0.8333333333333334	0	62	125
#	0	#	1	0	0	0	0.2373046875	0.75	4	0	4981	977	0.6666666666666666	0	189	252
#	1	0	0	1	1	0	0.030019840638976	0.496	2	0	4946	978	0.8333333333333334	0	62	125
1	#	0	#	0	#	0	0.24127822080259828	0.7524950099800399	2	0	4994	980	0.5	0	377	501
#	1	0	1	1	#	0	0.0009765625	0.25	1	0	4957	981	0.6666666666666666	0	63	252
0	0	1	0	#	#	1	1.0	1.0	8	0	4995	983	0.6666666666666666	0	251	251
1	0	0	#	#	0	1	0.03125	0.5	5	0	4972	984	0.6666666666666666	0	126	252
0	1	1	1	1	0	1	1.0	1.0	5	0	4986	984	1.0	0	63	63
1	1	0	0	0	0	1	0.0	0.0	1	0	989	989	1.0	0	0	62
#	1	#	1	#	0	0	0.03093812624999398	0.49899799599198397	1	0	4982	993	0.5	0	249	499
1	0	0	0	0	#	1	0.0	0.0	2	0	997	997	0.8333333333333334	0	0	125
0	#	0	#	1	#	0	0.23969203936830372	0.751503006012024	2	0	4980	997	0.5	0	375	499
0	1	1	#	#	#	1	0.031563123750005986	0.500998003992016	5	0	4991	1000	0.5	0	251	501
#	1	1	#	0	1	1	0.234157455059968	0.748	4	0	4989	1002	0.6666666666666666	0	187	250
1	1	#	1	1	#	0	0.030627509999806707	0.4979919678714859	4	0	4961	1004	0.6666666666666666	0	124	249
0	#	#	#	0	0	1	0.03093936628487441	0.499001996007984	4	0	4987	1004	0.5	0	250	501
1	#	1	1	0	0	1	0.0	0.0	1	0	1007	1007	0.8333333333333334	0	0	124
1	1	#	#	0	#	0	0.03125	0.5	1	0	4982	1011	0.5	0	249	498
#	#	#	1	0	#	1	0.03140735114186835	0.5005025125628141	1	0	4989	1014	0.3333333333333333	0	498	995
#	#	0	0	0	0	0	1.0	1.0	3	0	4998	1019	0.6666666666666666	0	249	249
#	1	0	0	0	#	0	0.240485670060032	0.752	3	0	4998	1022	0.6666666666666666	0	188	250
0	1	0	#	1	#	0	0.03125	0.5	3	0	4967	1026	0.6666666666666666	0	124	248
0	1	#	#	0	#	1	0.030936876275195143	0.49899396378269617	2	0	4977	1027	0.5	0	248	497
1	0	0	#	0	#	0	1.0	1.0	10	0	4994	1028	0.6666666666666666	0	248	248
0	0	0	0	#	1	0	1.0	1.0	10	0	4947	1030	0.8333333333333334	0	124	124
1	1	1	0	1	0	1	0.0	0.0	2	0	1040	1040	1.0	0	0	62
1	#	0	0	1	#	0	0.000918680311012488	0.24696356275303644	1	0	4943	1043	0.6666666666666666	0	61	247
1	#	1	#	1	1	0	0.0	0.0	3	0	1044	1044	0.6666666666666666	0	0	248
1	1	1	0	#	1	0	0.0	0.0	2	0	1050	1050	0.8333333333333334	0	0	123
0	#	0	#	1	0	0	0.24053767370789134	0.7520325203252033	5	0	4975	1053	0.6666666666666666	0	185	246
#	0	1	#	#	#	0	0.0009915248743539657	0.25076142131979695	2	0	4983	1061	0.3333333333333333	0	247	985
1	1	0	0	#	0	1	0.0	0.0	2	0	1065	1065	0.8333333333333334	0	0	122
0	#	1	#	#	1	1	0.2389234037835294	0.7510204081632653	5	0	4995	1067	0.5	0	368	490
1	0	1	#	0	0	1	0.0	0.0	2	0	1068	1068	0.8333333333333334	0	0	122
0	0	0	#	0	1	0	1.0	1.0	11	0	4979	1079	0.8333333333333334	0	122	122
0	#	#	0	#	0	1	0.000947090963218281	0.2484725050916497	2	0	4978	1079	0.5	0	122	491
#	#	0	0	#	0	0	0.5136585830884687	0.8752556237218814	2	0	4998	1082	0.5	0	428	489
0	0	1	0	#	0	1	1.0	1.0	6	0	4978	1089	0.8333333333333334	0	122	122
1	1	0	#	0	0	0	1.0	1.0	6	0	4982	1093	0.8333333333333334	0	122	122
1	0	1	0	1	0	1	1.0	1.0	12	0	4964	1096	1.0	0	61	61
#	1	0	#	#	#	0	0.03125	0.5	2	0	4998	1096	0.3333333333333333	0	488	976
1	1	#	#	0	1	1	1.0	1.0	12	0	4989	1106	0.6666666666666666	0	242	242
#	1	0	1	0	0	1	0.03125	0.5	4	0	4955	1106	0.8333333333333334	0	61	122
1	0	0	0	#	#	0	0.03125	0.5	3	0	4994	1107	0.6666666666666666	0	122	244
0	#	1	#	0	#	0	0.0010071414271945274	0.2515463917525773	2	0	4971	1110	0.5	0	122	485
0	0	#	0	1	1	1	0.032562843612755486	0.5041322314049587	3	0	4962	1110	0.8333333333333334	0	61	121
#	1	1	1	0	0	1	0.03125	0.5	4	0	4977	1112	0.8333333333333334	0	61	122
0	#	1	1	#	1	1	1.0	1.0	10	0	4991	1114	0.6666666666666666	0	241	241
#	1	1	#	#	#	1	0.03125	0.5	2	0	4991	1115	0.3333333333333333	0	486	972
1	1	1	0	0	#	1	0.03125	0.5	8	0	4952	1117	0.8333333333333334	0	60	120
0	0	0	0	1	1	0	1.0	1.0	7	0	4939	1121	1.0	0	60	60
0	0	0	#	#	0	0	1.0	1.0	5	0	4985	1123	0.6666666666666666	0	243	243
1	0	0	0	1	#	0	0.0	0.0	1	0	1123	1123	0.8333333333333334	0	0	122
0	1	1	1	0	#	1	1.0	1.0	16	0	4977	1127	0.8333333333333334	0	121	121
#	#	0	1	1	1	1	0.23405398749273643	0.7479338842975206	5	0	4984	1128	0.6666666666666666	0	181	242
1	1	1	#	#	#	0	0.030927837804918198	0.4989648033126294	4	0	4976	1133	0.5	0	241	483
#	1	0	0	#	1	0	0.03190374303770491	0.5020746887966805	4	0	4993	1143	0.6666666666666666	0	121	241
0	#	#	1	#	#	1	0.2373046875	0.75	3	0	4991	1154	0.3333333333333333	0	720	960
#	0	1	0	0	0	0	0.03125	0.5	5	0	4968	1155	0.8333333333333334	0	60	120
0	0	0	0	0	#	0	1.0	1.0	11	0	4985	1156	0.8333333333333334	0	120	120
0	0	#	0	#	1	0	0.03125	0.5	3	0	4947	1157	0.6666666666666666	0	120	240
1	1	0	#	#	0	0	1.0	1.0	6	0	4982	1157	0.6666666666666666	0	240	240
0	#	#	1	0	0	1	0.2373046875	0.75	2	0	4987	1167	0.6666666666666666	0	180	240
#	0	0	1	0	#	0	1.0	1.0	11	0	4981	1168	0.6666666666666666	0	240	240
#	0	0	#	0	1	0	1.0	1.0	14	0	4994	1173	0.6666666666666666	0	239	239
#	0	0	0	1	#	1	0.032585279083595056	0.5042016806722689	2	0	4992	1175	0.6666666666666666	0	120	238
1	0	#	#	0	1	0	1.0	1.0	8	0	4994	1176	0.6666666666666666	0	240	240
1	1	#	1	0	1	1	1.0	1.0	13	0	4989	1178	0.8333333333333334	0	119	119
#	1	1	#	1	1	1	0.2373046875	0.75	3	0	4991	1178	0.6666666666666666	0	180	240
1	1	0	0	1	1	0	0.0	0.0	2	0	1179	1179	1.0	0	0	59
0	1	#	1	1	0	0	0.0	0.0	1	0	1180	1180	0.8333333333333334	0	0	119
0	1	#	#	0	1	1	0.030601682309514048	0.497907949790795	4	0	4966	1183	0.6666666666666666	0	119	239
0	1	0	#	#	#	0	0.03191486979204777	0.5021097046413502	3	0	4998	1191	0.5	0	238	474
0	0	#	#	0	1	1	0.03125	0.5	3	0	4995	1192	0.6666666666666666	0	119	238
0	0	0	#	#	#	0	1.0	1.0	7	0	4985	1193	0.5	0	477	477
0	0	0	#	0	0	0	1.0	1.0	10	0	4985	1193	0.8333333333333334	0	120	120
0	#	#	1	#	1	1	0.2331705607570618	0.7473684210526316	3	0	4991	1195	0.5	0	355	475
0	1	1	1	1	0	0	0.0	0.0	2	0	1196	1196	1.0	0	0	60
#	0	1	1	1	#	1	1.0	1.0	11	0	4997	1197	0.6666666666666666	0	238	238
#	1	1	0	0	1	1	0.03125	0.5	2	0	4952	1199	0.8333333333333334	0	59	118
1	0	1	0	#	0	1	0.03125	0.5	4	0	4964	1202	0.8333333333333334	0	59	118
1	0	1	1	#	0	0	0.029958857775924084	0.4957983193277311	3	0	4948	1206	0.8333333333333334	0	59	119
1	0	0	0	#	1	1	0.03125	0.5	2	0	4992	1208	0.8333333333333334	0	60	120
0	0	0	0	1	1	1	0.0	0.0	2	0	1208	1208	1.0	0	0	59
0	0	0	#	1	1	0	1.0	1.0	9	0	4980	1210	0.8333333333333334	0	118	118
0	#	0	#	#	1	1	0.0009662829863391593	0.24947145877378435	2	0	4966	1211	0.5	0	118	473
#	0	1	0	1	0	1	1.0	1.0	9	0	4978	1212	0.8333333333333334	0	118	118
#	0	0	0	0	0	0	1.0	1.0	13	0	4985	1214	0.8333333333333334	0	118	118
1	1	0	1	#	1	0	0.0	0.0	1	0	1216	1216	0.8333333333333334	0	0	118
0	1	1	0	0	1	1	0.0	0.0	1	0	1221	1221	1.0	0	0	59
0	0	0	1	0	0	0	1.0	1.0	11	0	4974	1227	1.0	0	59	59
#	1	1	0	0	#	0	0.23562644326641038	0.7489361702127659	5	0	4971	1238	0.6666666666666666	0	176	235
1	0	#	0	#	0	1	0.03125	0.5	2	0	4969	1239	0.6666666666666666	0	118	236
#	0	0	0	#	#	0	0.23394348563573347	0.7478632478632479	4	0	4994	1241	0.5	0	350	468
1	0	#	#	1	0	1	1.0	1.0	13	0	4996	1242	0.6666666666666666	0	236	236
0	0	#	#	0	1	0	0.03125	0.5	4	0	4979	1252	0.6666666666666666	0	117	234
1	1	0	#	#	1	1	1.0	1.0	7	0	4958	1252	0.6666666666666666	0	232	232
#	#	1	0	1	0	1	0.03059074102380611	0.4978723404255319	3	0	4978	1255	0.6666666666666666	0	117	235
0	1	1	#	#	#	0	0.030587947756977214	0.49786324786324787	2	0	4988	1261	0.5	0	233	468
0	0	1	0	0	1	1	1.0	1.0	5	0	4995	1261	1.0	0	59	59
0	0	#	#	#	#	0	0.03141782990379039	0.5005359056806002	3	0	4985	1266	0.3333333333333333	0	467	933
0	#	0	#	1	1	0	0.2373046875	0.75	6	0	4980	1269	0.6666666666666666	0	174	232
#	1	1	0	1	1	1	0.032608494584992084	0.5042735042735043	5	0	4990	1270	0.8333333333333334	0	59	117
#	0	1	#	#	0	1	0.238156462242825	0.7505376344086021	3	0	4996	1275	0.5	0	349	465
1	1	#	#	#	1	0	0.0	0.0	3	0	1279	1279	0.5	0	0	464
0	0	0	0	#	#	0	1.0	1.0	6	0	4985	1279	0.6666666666666666	0	232	232
1	#	#	1	0	0	0	1.0	1.0	8	0	4982	1280	0.6666666666666666	0	232	232
#	0	#	1	1	0	1	0.2373046875	0.75	3	0	4996	1284	0.6666666666666666	0	174	232
0	0	1	1	#	1	1	1.0	1.0	9	0	4945	1284	0.8333333333333334	0	116	116
0	#	1	0	1	0	1	0.03125	0.5	4	0	4978	1286	0.8333333333333334	0	58	116
0	#	1	1	1	0	1	1.0	1.0	4	0	4986	1287	0.8333333333333334	0	116	116
0	0	0	#	1	0	0	1.0	1.0	6	0	4975	1290	0.8333333333333334	0	116	116
1	1	0	#	1	0	0	1.0	1.0	11	0	4957	1293	0.8333333333333334	0	116	116
0	#	0	0	#	#	0	1.0	1.0	17	0	4998	1298	0.5	0	462	462
1	1	#	0	#	0	1	0.0	0.0	1	0	1302	1302	0.6666666666666666	0	0	229
#	0	#	1	#	#	1	0.030913257455467472	0.4989177489177489	1	0	4997	1306	0.3333333333333333	0	461	924
0	0	1	#	1	1	0	0.0	0.0	2	0	1307	1307	0.8333333333333334	0	0	115
#	0	1	#	1	0	1	1.0	1.0	16	0	4996	1307	0.6666666666666666	0	231	231
#	#	0	0	1	1	1	0.03193829956734161	0.5021834061135371	2	0	4992	1309	0.6666666666666666	0	115	229
0	0	#	#	#	#	1	0.03091179972301642	0.4989130434782609	3	0	4995	1314	0.3333333333333333	0	459	920
#	0	1	1	#	#	1	0.2373046875	0.75	5	0	4997	1315	0.5	0	345	460
0	0	#	0	#	1	1	0.03193829956734161	0.5021834061135371	3	0	4995	1317	0.6666666666666666	0	115	229
#	0	#	1	#	0	1	0.03125	0.5	1	0	4996	1318	0.5	0	231	462
0	1	0	0	0	0	1	0.0	0.0	1	0	1322	1322	1.0	0	0	58
#	#	0	#	0	#	0	0.24076388112473182	0.7521739130434782	1	0	4998	1323	0.3333333333333333	0	692	920
0	0	#	0	0	0	0	0.03263253151051769	0.5043478260869565	5	0	4985	1324	0.8333333333333334	0	58	115
#	1	0	#	1	#	0	0.03125	0.5	2	0	4967	1324	0.5	0	228	456
#	1	1	0	#	#	1	0.000987246889487224	0.25054466230936817	1	0	4990	1327	0.5	0	115	459
1	0	0	1	0	1	0	1.0	1.0	15	0	4959	1327	1.0	0	57	57
0	0	1	1	0	#	0	0.0	0.0	1	0	1330	1330	0.8333333333333334	0	0	115
#	0	0	#	1	0	1	0.03125	0.5	2	0	4972	1331	0.6666666666666666	0	114	228
0	0	#	1	#	1	0	0.03125	0.5	3	0	4980	1341	0.6666666666666666	0	114	228
#	0	0	1	#	0	0	0.2373046875	0.75	3	0	4981	1343	0.6666666666666666	0	171	228
0	1	1	1	1	#	0	0.0	0.0	2	0	1344	1344	0.8333333333333334	0	0	114
#	0	1	#	0	0	0	0.03125	0.5	2	0	4968	1345	0.6666666666666666	0	114	228
1	1	#	1	#	#	0	0.03125	0.5	6	0	4982	1350	0.5	0	228	456
0	1	0	#	#	1	0	0.03125	0.5	5	0	4993	1351	0.6666666666666666	0	114	228
0	0	#	0	#	0	0	0.03125	0.5	2	0	4985	1352	0.6666666666666666	0	114	228
1	1	1	1	0	#	1	0.03125	0.5	3	0	4989	1359	0.8333333333333334	0	57	114
0	#	#	#	0	#	0	0.031769091625615795	0.5016501650165016	1	0	4998	1360	0.3333333333333333	0	456	909
#	1	0	1	1	#	1	0.2373046875	0.75	4	0	4963	1366	0.6666666666666666	0	171	228
0	1	1	0	#	0	0	1.0	1.0	14	0	4988	1368	0.8333333333333334	0	114	114
#	#	0	0	0	#	0	0.5161592986198362	0.8761061946902655	2	0	4998	1369	0.5	0	396	452
1	1	0	#	#	#	0	0.031599549093340215	0.5011135857461024	3	0	4982	1374	0.5	0	225	449
#	#	1	0	1	1	1	0.2373046875	0.75	2	0	4999	1375	0.6666666666666666	0	171	228
1	0	0	0	1	1	0	0.0	0.0	2	0	1376	1376	1.0	0	0	57
#	1	0	1	#	#	1	0.23467384114575593	0.7483296213808464	5	0	4966	1384	0.5	0	336	449
0	#	#	#	#	1	1	0.030905080642982044	0.49889135254988914	1	0	4995	1385	0.3333333333333333	0	450	902
1	1	1	1	0	0	0	1.0	1.0	11	0	4954	1385	1.0	0	56	56
0	1	1	0	1	1	1	0.0	0.0	2	0	1388	1388	1.0	0	0	56
#	0	1	1	0	0	0	0.029891514349462245	0.49557522123893805	1	0	4948	1389	0.8333333333333334	0	56	113
0	0	0	#	#	1	0	1.0	1.0	11	0	4980	1392	0.6666666666666666	0	226	226
0	0	1	0	1	0	0	0.0	0.0	1	0	1400	1400	1.0	0	0	56
1	#	1	0	#	0	0	0.2373046875	0.75	5	0	4976	1401	0.6666666666666666	0	168	224
1	0	0	#	0	1	0	1.0	1.0	14	0	4994	1403	0.8333333333333334	0	113	113
0	1	0	0	0	#	0	1.0	1.0	11	0	4998	1403	0.8333333333333334	0	114	114
1	0	0	0	#	#	1	0.030561701021131597	0.49777777777777776	2	0	4992	1408	0.6666666666666666	0	112	225
#	1	0	#	#	1	1	0.2373046875	0.75	4	0	4966	1414	0.5	0	336	448
#	0	#	#	0	0	0	0.2373046875	0.75	4	0	4985	1415	0.5	0	336	448
1	#	#	1	1	0	0	0.03125	0.5	4	0	4961	1417	0.6666666666666666	0	112	224
1	1	1	1	0	1	1	1.0	1.0	8	0	4989	1424	1.0	0	56	56
1	0	0	#	0	0	0	1.0	1.0	12	0	4981	1428	0.8333333333333334	0	112	112
1	0	#	0	0	0	0	1.0	1.0	14	0	4968	1429	0.8333333333333334	0	112	112
1	1	0	0	1	#	1	0.03125	0.5	4	0	4949	1429	0.8333333333333334	0	55	110
#	1	#	1	#	#	1	0.23774791615396734	0.7502799552071668	3	0	4991	1434	0.3333333333333333	0	670	893
0	1	0	#	0	#	0	0.031956984948222154	0.5022421524663677	8	0	4998	1435	0.6666666666666666	0	112	223
0	0	1	#	0	1	1	1.0	1.0	8	0	4995	1437	0.8333333333333334	0	111	111
#	1	0	#	#	0	0	0.23999518932421926	0.7516930022573364	2	0	4998	1440	0.5	0	333	443
1	0	1	1	1	0	0	0.0	0.0	1	0	1441	1441	1.0	0	0	56
0	1	0	0	#	#	1	0.0	0.0	2	0	1449	1449	0.6666666666666666	0	0	222
0	1	1	#	1	#	0	0.03055558329735004	0.4977578475336323	2	0	4988	1449	0.6666666666666666	0	111	223
0	#	1	1	1	0	0	0.0	0.0	2	0	1450	1450	0.8333333333333334	0	0	111
0	0	0	0	0	0	0	1.0	1.0	17	0	4985	1453	1.0	0	56	56
0	0	#	0	1	#	0	0.03054935585203235	0.497737556561086	1	0	4951	1455	0.6666666666666666	0	110	221
1	1	0	#	1	1	0	0.0	0.0	2	0	1458	1458	0.8333333333333334	0	0	110
1	1	#	0	0	1	1	1.0	1.0	10	0	4952	1460	0.8333333333333334	0	110	110
1	1	#	1	0	0	0	1.0	1.0	4	0	4982	1477	0.8333333333333334	0	110	110
0	#	1	1	#	#	1	1.0	1.0	11	0	4991	1484	0.5	0	439	439
#	0	#	0	#	1	0	0.030895695274335885	0.4988610478359909	1	0	4994	1485	0.5	0	219	439
0	1	0	1	1	#	1	1.0	1.0	9	0	4963	1485	0.8333333333333334	0	110	110
#	0	0	1	1	#	1	0.03125	0.5	4	0	4984	1490	0.6666666666666666	0	110	220
1	1	1	1	1	#	0	0.03125	0.5	5	0	4961	1492	0.8333333333333334	0	55	110
#	0	0	#	#	1	1	0.0009990629953252833	0.2511415525114155	1	0	4992	1497	0.5	0	110	438
1	0	1	1	1	0	1	1.0	1.0	9	0	4996	1504	1.0	0	55	55
#	#	1	1	0	0	1	0.03271003115460463	0.5045871559633027	2	0	4987	1505	0.6666666666666666	0	110	218
0	0	0	#	0	#	0	1.0	1.0	12	0	4985	1505	0.6666666666666666	0	219	219
0	0	1	#	1	0	1	1.0	1.0	11	0	4978	1506	0.8333333333333334	0	109	109
0	#	1	0	#	1	0	0.03125	0.5	2	0	4971	1513	0.6666666666666666	0	109	218
0	0	1	#	0	#	1	1.0	1.0	6	0	4995	1518	0.6666666666666666	0	218	218
#	1	0	1	0	#	0	0.0010459592818947848	0.2534562211981567	1	0	4982	1520	0.6666666666666666	0	55	217
#	0	1	1	0	1	1	0.029842576058803316	0.4954128440366973	1	0	4936	1522	0.8333333333333334	0	54	109
0	1	#	1	1	0	1	1.0	1.0	8	0	4986	1526	0.8333333333333334	0	109	109
0	#	0	0	1	1	1	0.0	0.0	1	0	1527	1527	0.8333333333333334	0	0	108
#	#	0	#	1	1	1	0.09603000967197985	0.625866050808314	2	0	4992	1534	0.5	0	271	433
0	0	1	1	0	0	1	1.0	1.0	12	0	4987	1535	1.0	0	54	54
1	#	1	1	#	0	0	0.2318870007878561	0.7465437788018433	5	0	4961	1539	0.6666666666666666	0	162	217
#	#	1	1	1	#	0	3.0166805093836293e-05	0.12471131639722864	1	0	4961	1540	0.5	0	54	433
1	1	1	1	#	#	0	0.03125	0.5	4	0	4961	1545	0.6666666666666666	0	108	216
1	0	1	0	1	1	0	0.0	0.0	3	0	1558	1558	1.0	0	0	54
0	1	0	#	0	0	1	0.02981676068313592	0.4953271028037383	3	0	4955	1567	0.8333333333333334	0	53	107
#	0	#	#	1	0	1	0.2391499716681579	0.7511627906976744	6	0	4996	1568	0.5	0	323	430
0	1	0	1	0	0	1	1.0	1.0	2	0	4955	1571	1.0	0	53	53
0	0	#	0	#	#	1	0.03161764301184938	0.5011709601873536	1	0	4995	1572	0.5	0	214	427
#	0	0	0	1	1	0	0.02981676068313592	0.4953271028037383	3	0	4939	1577	0.8333333333333334	0	53	107
0	0	1	0	1	1	1	1.0	1.0	7	0	4962	1577	1.0	0	53	53
#	1	1	1	#	0	0	0.02981676068313592	0.4953271028037383	3	0	4961	1579	0.6666666666666666	0	106	214
1	#	1	#	1	0	1	0.03125	0.5	1	0	4996	1582	0.6666666666666666	0	107	214
1	0	#	0	#	#	1	0.03161764301184938	0.5011709601873536	3	0	4999	1584	0.5	0	214	427
#	0	0	#	#	0	0	0.23916735251118634	0.7511737089201878	4	0	4985	1585	0.5	0	320	426
0	0	1	#	#	#	0	0.0	0.0	2	0	1590	1590	0.5	0	0	426
#	1	1	1	1	0	1	0.03125	0.5	3	0	4986	1597	0.8333333333333334	0	53	106
0	1	1	1	#	1	0	0.0	0.0	3	0	1601	1601	0.8333333333333334	0	0	106
0	0	0	1	#	0	0	1.0	1.0	12	0	4975	1602	0.8333333333333334	0	106	106
0	0	#	1	0	1	1	0.02978998076688114	0.49523809523809526	3	0	4936	1609	0.8333333333333334	0	52	105
1	0	#	1	0	1	0	1.0	1.0	7	0	4983	1611	0.8333333333333334	0	106	106
0	#	1	0	0	0	0	0.032766711146467724	0.5047619047619047	3	0	4965	1612	0.8333333333333334	0	53	105
1	#	0	0	1	1	1	1.0	1.0	5	0	4992	1614	0.8333333333333334	0	106	106
#	1	#	#	0	#	1	0.03088148997302202	0.49881516587677727	1	0	4989	1620	0.3333333333333333	0	421	844
1	1	1	#	#	0	1	0.0	0.0	3	0	1624	1624	0.6666666666666666	0	0	211
1	#	#	1	#	#	1	0.03143534942059643	0.5005917159763313	1	0	4997	1626	0.3333333333333333	0	423	845
#	1	0	0	#	0	1	0.0	0.0	1	0	1627	1627	0.6666666666666666	0	0	210
1	1	1	#	1	#	0	0.03125	0.5	3	0	4976	1631	0.6666666666666666	0	106	212
1	#	0	1	#	#	0	0.03125	0.5	1	0	4982	1633	0.5	0	210	420
1	0	1	#	#	#	0	0.030882357036043084	0.4988179669030733	4	0	4983	1634	0.5	0	211	423
0	1	#	#	1	1	0	0.03050951233621794	0.49760765550239233	2	0	4960	1636	0.6666666666666666	0	104	209
1	0	0	0	0	0	0	1.0	1.0	10	0	4953	1636	1.0	0	52	52
0	0	1	1	1	1	0	0.0	0.0	2	0	1640	1640	1.0	0	0	52
0	0	1	0	1	1	0	0.0	0.0	1	0	1641	1641	1.0	0	0	52
#	#	1	0	1	#	0	0.007445175775316866	0.3752969121140142	1	0	4988	1642	0.5	0	158	421
0	#	1	1	0	0	1	1.0	1.0	16	0	4987	1642	0.8333333333333334	0	106	106
0	1	1	#	0	1	1	0.03125	0.5	3	0	4944	1643	0.8333333333333334	0	52	104
0	1	1	0	1	0	1	0.0	0.0	1	0	1651	1651	1.0	0	0	53
1	#	0	1	#	0	1	0.0009765625	0.25	1	0	4972	1658	0.6666666666666666	0	52	208
0	#	0	1	0	1	0	0.03125	0.5	3	0	4979	1662	0.8333333333333334	0	52	104
1	1	0	1	1	0	0	1.0	1.0	6	0	4957	1669	1.0	0	52	52
0	0	#	1	#	#	0	0.03162832488848733	0.5012048192771085	2	0	4980	1672	0.5	0	208	415
0	1	0	#	1	#	1	0.03125	0.5	3	0	4963	1672	0.6666666666666666	0	104	208
0	1	0	0	1	1	1	0.0	0.0	3	0	1675	1675	1.0	0	0	52
#	0	0	#	0	0	0	1.0	1.0	8	0	4985	1676	0.6666666666666666	0	208	208
#	1	0	1	1	0	0	0.03125	0.5	1	0	4957	1676	0.8333333333333334	0	52	104
#	#	#	1	0	0	0	0.09468001909511654	0.6240963855421687	2	0	4982	1686	0.5	0	259	415
0	1	#	#	0	0	1	0.03125	0.5	5	0	4977	1687	0.6666666666666666	0	104	208
1	1	0	1	#	#	1	0.030495204742989977	0.4975609756097561	1	0	4958	1698	0.6666666666666666	0	102	205
0	#	#	1	1	0	0	0.0010248979308171181	0.2524271844660194	3	0	4975	1701	0.6666666666666666	0	52	206
0	1	0	1	#	1	1	1.0	1.0	7	0	4966	1701	0.8333333333333334	0	103	103
#	#	0	1	0	1	1	0.030495204742989977	0.4975609756097561	3	0	4966	1709	0.6666666666666666	0	102	205
1	1	#	#	#	0	1	0.0	0.0	2	0	1712	1712	0.5	0	0	409
1	1	0	0	0	1	1	1.0	1.0	12	0	4938	1714	1.0	0	51	51
#	0	#	0	#	#	1	0.03144124789872381	0.5006105006105006	1	0	4999	1729	0.3333333333333333	0	410	819
#	1	1	#	#	1	1	0.2373046875	0.75	3	0	4991	1731	0.5	0	306	408
0	1	#	1	#	0	1	1.0	1.0	6	0	4986	1733	0.6666666666666666	0	204	204
0	0	#	#	0	#	1	0.03048784159720073	0.4975369458128079	2	0	4995	1739	0.5	0	202	406
0	0	1	0	0	#	1	1.0	1.0	7	0	4995	1746	0.8333333333333334	0	101	101
1	0	1	1	0	#	0	1.0	1.0	12	0	4983	1757	0.8333333333333334	0	101	101
1	#	0	#	0	0	1	0.0	0.0	1	0	1771	1771	0.6666666666666666	0	0	202
#	1	1	#	1	0	0	0.23341453104899762	0.7475247524752475	6	0	4988	1776	0.6666666666666666	0	151	202
0	#	0	#	0	#	1	0.0009291657105534656	0.24752475247524752	2	0	4966	1777	0.5	0	100	404
#	#	#	#	0	#	0	0.095545378036513	0.6252330640149161	1	0	4998	1781	0.16666666666666666	0	1006	1609
1	1	0	1	#	0	0	1.0	1.0	8	0	4982	1792	0.8333333333333334	0	100	100
0	#	1	#	0	1	0	0.0009525104183198299	0.24875621890547264	2	0	4971	1793	0.6666666666666666	0	50	201
0	0	#	0	1	#	1	0.03125	0.5	4	0	4978	1794	0.6666666666666666	0	100	200
1	1	0	#	0	1	1	1.0	1.0	11	0	4940	1798	0.8333333333333334	0	100	100
1	0	#	1	#	0	1	0.03125	0.5	1	0	4996	1798	0.6666666666666666	0	100	200
#	0	0	0	0	1	0	1.0	1.0	11	0	4994	1799	0.8333333333333334	0	100	100
1	#	#	1	#	0	0	0.2373046875	0.75	4	0	4982	1805	0.5	0	300	400
0	0	#	1	1	1	1	0.03125	0.5	3	0	4945	1808	0.8333333333333334	0	50	100
1	#	0	0	1	#	1	0.24132670919086652	0.7525252525252525	4	0	4992	1815	0.6666666666666666	0	149	198
0	1	1	1	1	1	0	0.0	0.0	3	0	1819	1819	1.0	0	0	50
#	#	0	#	0	1	0	0.09633463905288335	0.6262626262626263	2	0	4994	1824	0.5	0	248	396
#	1	0	0	#	1	1	0.030464864277039455	0.49746192893401014	1	0	4949	1828	0.6666666666666666	0	98	197
#	1	1	1	0	#	1	0.24132670919086652	0.7525252525252525	4	0	4989	1829	0.6666666666666666	0	149	198
1	0	1	#	0	1	1	0.0	0.0	1	0	1833	1833	0.8333333333333334	0	0	100
#	1	#	0	0	1	0	0.03205124044228481	0.5025380710659898	4	0	4993	1838	0.6666666666666666	0	99	197
1	#	1	1	0	#	0	0.23333647121053863	0.7474747474747475	5	0	4983	1841	0.6666666666666666	0	148	198
1	0	1	1	0	1	0	1.0	1.0	9	0	4983	1849	1.0	0	49	49
1	#	#	1	#	#	0	0.030658907370768908	0.49809402795425667	1	0	4983	1852	0.3333333333333333	0	392	787
0	1	0	1	0	1	0	0.0	0.0	2	0	1853	1853	1.0	0	0	49
0	0	1	1	0	#	1	1.0	1.0	9	0	4987	1858	0.8333333333333334	0	98	98
1	#	0	1	0	#	0	0.2373046875	0.75	4	0	4982	1861	0.6666666666666666	0	147	196
1	0	0	#	1	0	0	0.0	0.0	1	0	1867	1867	0.8333333333333334	0	0	98
1	#	0	1	1	#	1	0.2373046875	0.75	3	0	4984	1869	0.6666666666666666	0	147	196
0	1	#	0	#	0	1	0.0	0.0	2	0	1875	1875	0.6666666666666666	0	0	196
#	1	0	#	1	1	1	0.24141020746326297	0.7525773195876289	3	0	4963	1880	0.6666666666666666	0	146	194
0	1	1	#	0	0	0	0.03125	0.5	1	0	4965	1884	0.8333333333333334	0	49	98
#	1	#	0	0	0	1	0.0	0.0	1	0	1888	1888	0.6666666666666666	0	0	194
1	1	#	1	1	0	1	0.0	0.0	3	0	1889	1889	0.8333333333333334	0	0	96
#	1	#	#	#	0	1	0.0009765625	0.25	1	0	4986	1891	0.3333333333333333	0	194	776
0	0	#	#	1	0	0	0.030448760638390616	0.49740932642487046	5	0	4975	1904	0.6666666666666666	0	96	193
1	1	0	#	1	#	1	0.03125	0.5	3	0	4958	1910	0.6666666666666666	0	96	192
#	#	0	#	1	#	1	0.0314537150854321	0.5006501950585176	1	0	4992	1912	0.3333333333333333	0	385	769
#	#	1	#	0	1	0	0.007225633628055585	0.37305699481865284	1	0	4983	1916	0.5	0	144	386
1	1	#	#	0	#	1	0.03125	0.5	3	0	4989	1924	0.5	0	192	384
0	0	0	0	0	0	1	0.0	0.0	3	0	1925	1925	1.0	0	0	48
1	#	0	0	0	0	0	1.0	1.0	5	0	4953	1932	0.8333333333333334	0	96	96
#	#	#	0	1	0	1	0.007415771484375	0.375	1	0	4978	1933	0.5	0	144	384
#	0	1	1	0	0	1	0.03292972928788389	0.5052631578947369	4	0	4987	1944	0.8333333333333334	0	48	95
0	0	0	1	1	#	0	1.0	1.0	4	0	4980	1947	0.8333333333333334	0	96	96
0	1	1	#	0	#	1	0.03125	0.5	3	0	4977	1958	0.6666666666666666	0	95	190
1	#	1	#	0	1	1	0.03125	0.5	1	0	4989	1964	0.6666666666666666	0	95	190
0	0	0	1	0	#	0	1.0	1.0	13	0	4979	1971	0.8333333333333334	0	94	94
0	0	#	0	0	1	1	0.03292972928788389	0.5052631578947369	1	0	4995	1974	0.8333333333333334	0	48	95
0	1	#	0	0	#	1	0.0	0.0	2	0	1975	1975	0.6666666666666666	0	0	190
#	#	#	1	1	1	0	2.9718733020820077e-05	0.12433862433862433	2	0	4980	1977	0.5	0	47	378
0	0	#	#	#	0	1	0.03125	0.5	2	0	4987	1988	0.5	0	188	376
0	0	0	0	0	1	0	1.0	1.0	13	0	4947	1997	1.0	0	47	47
0	1	0	0	1	#	1	0.0	0.0	2	0	1997	1997	0.8333333333333334	0	0	94
0	0	0	1	#	1	0	1.0	1.0	6	0	4980	2005	0.8333333333333334	0	94	94
0	#	#	#	#	#	0	0.031565229457518974	0.5010046885465506	3	0	4998	2014	0.16666666666666666	0	748	1493
1	1	0	1	0	#	1	0.02960563739296655	0.4946236559139785	3	0	4940	2025	0.8333333333333334	0	46	93
0	0	0	1	0	1	0	1.0	1.0	12	0	4979	2028	1.0	0	47	47
0	#	#	#	1	#	1	0.031462007363120874	0.5006765899864682	2	0	4991	2039	0.3333333333333333	0	370	739
#	1	1	#	#	0	0	0.23517449763603773	0.7486486486486487	5	0	4988	2041	0.5	0	277	370
#	0	#	#	#	0	0	0.031038566406166965	0.4993215739484396	1	0	4985	2044	0.3333333333333333	0	368	737
#	0	0	0	#	1	0	0.2394502855336046	0.7513513513513513	2	0	4994	2049	0.6666666666666666	0	139	185
1	1	0	#	0	1	0	0.0	0.0	3	0	2052	2052	0.8333333333333334	0	0	92
0	#	0	#	#	0	0	0.2373046875	0.75	2	0	4998	2056	0.5	0	276	368
0	#	0	#	0	0	1	0.0009765625	0.25	1	0	4955	2058	0.6666666666666666	0	46	184
0	1	0	1	1	#	0	0.0	0.0	2	0	2063	2063	0.8333333333333334	0	0	92
1	1	#	0	0	#	0	0.03125	0.5	2	0	4950	2066	0.6666666666666666	0	91	182
1	1	#	0	1	#	1	0.03125	0.5	5	0	4990	2076	0.6666666666666666	0	91	182
#	0	0	1	0	1	0	1.0	1.0	8	0	4979	2077	0.8333333333333334	0	92	92
#	0	#	#	1	0	0	0.0009501704822948756	0.24863387978142076	1	0	4975	2082	0.5	0	91	366
1	#	1	1	1	0	0	0.02957029160259521	0.4945054945054945	2	0	4961	2083	0.8333333333333334	0	45	91
#	#	1	1	0	0	0	0.02957029160259521	0.4945054945054945	1	0	4954	2095	0.6666666666666666	0	90	182
0	0	#	0	#	#	0	0.030821924278878875	0.4986225895316804	4	0	4985	2096	0.5	0	181	363
1	1	0	1	0	0	0	1.0	1.0	11	0	4982	2098	1.0	0	46	46
0	#	0	1	#	0	0	0.03125	0.5	2	0	4975	2117	0.6666666666666666	0	90	180
#	1	1	0	0	1	0	0.03125	0.5	3	0	4971	2119	0.8333333333333334	0	45	90
0	0	1	1	0	1	1	1.0	1.0	5	0	4936	2125	1.0	0	44	44
#	1	0	1	0	1	1	1.0	1.0	6	0	4966	2130	0.8333333333333334	0	89	89
#	#	0	1	0	0	0	0.2373046875	0.75	2	0	4982	2133	0.6666666666666666	0	135	180
#	0	0	0	0	#	0	1.0	1.0	10	0	4994	2135	0.6666666666666666	0	179	179
#	1	#	1	#	1	0	0.0	0.0	2	0	2139	2139	0.5	0	0	358
1	0	1	#	1	#	0	0.0	0.0	2	0	2145	2145	0.6666666666666666	0	0	180
#	0	0	#	#	1	0	0.23399965993447927	0.7478991596638656	2	0	4994	2147	0.5	0	267	357
#	0	1	1	1	#	0	0.0	0.0	1	0	2148	2148	0.6666666666666666	0	0	178
0	0	1	0	#	1	1	1.0	1.0	3	0	4995	2149	0.8333333333333334	0	89	89
0	0	1	#	#	0	0	0.0	0.0	1	0	2150	2150	0.6666666666666666	0	0	178
1	1	#	#	#	#	0	0.03103023997236639	0.4992947813822285	4	0	4982	2150	0.3333333333333333	0	354	709
1	#	0	1	#	0	0	0.23510336054033673	0.7486033519553073	6	0	4982	2153	0.6666666666666666	0	134	179
0	#	0	#	0	0	0	0.24400778779354265	0.7541899441340782	3	0	4998	2156	0.6666666666666666	0	135	179
0	1	0	#	0	1	1	0.029533393314702866	0.4943820224719101	1	0	4966	2165	0.8333333333333334	0	44	89
#	1	1	1	1	0	0	0.029533393314702866	0.4943820224719101	1	0	4961	2167	0.8333333333333334	0	44	89
#	#	#	1	1	0	0	0.0073113256679717105	0.37393767705382436	1	0	4975	2178	0.5	0	132	353
0	0	0	1	#	#	0	1.0	1.0	13	0	4980	2179	0.6666666666666666	0	176	176
1	#	0	1	0	1	0	0.03308774113421762	0.5057471264367817	1	0	4959	2194	0.8333333333333334	0	44	87
0	0	#	1	1	#	0	0.03308774113421762	0.5057471264367817	2	0	4980	2195	0.6666666666666666	0	88	174
1	#	0	#	0	0	0	1.0	1.0	5	0	4982	2202	0.6666666666666666	0	174	174
0	#	1	#	#	0	1	0.23844011455226888	0.7507163323782235	3	0	4987	2217	0.5	0	262	349
#	0	0	1	0	#	1	0.0	0.0	1	0	2219	2219	0.6666666666666666	0	0	175
1	0	#	1	0	#	1	0.0	0.0	1	0	2220	2220	0.6666666666666666	0	0	174
0	1	1	#	#	0	0	0.03125	0.5	4	0	4988	2227	0.6666666666666666	0	87	174
0	0	0	1	1	1	0	1.0	1.0	3	0	4980	2229	1.0	0	43	43
1	#	#	1	1	1	0	0.0	0.0	1	0	2232	2232	0.6666666666666666	0	0	173
#	1	0	1	#	1	1	1.0	1.0	10	0	4966	2239	0.6666666666666666	0	172	172
1	#	0	0	1	0	1	0.03125	0.5	3	0	4969	2240	0.8333333333333334	0	43	86
0	1	1	1	0	#	0	0.0	0.0	2	0	2244	2244	0.8333333333333334	0	0	86
1	1	0	#	#	1	0	0.0	0.0	1	0	2245	2245	0.6666666666666666	0	0	172
#	#	1	1	1	0	0	0.0009765625	0.25	1	0	4961	2251	0.6666666666666666	0	43	172
#	#	0	1	0	#	0	0.0967657572024834	0.6268221574344023	5	0	4982	2254	0.5	0	215	343
#	0	1	1	0	1	0	0.03313199974363615	0.5058823529411764	2	0	4983	2264	0.8333333333333334	0	43	85
#	1	#	#	0	1	1	0.23268800595412076	0.7470588235294118	5	0	4989	2267	0.5	0	254	340
1	0	1	1	1	#	0	0.0	0.0	2	0	2273	2273	0.8333333333333334	0	0	86
#	1	1	1	0	0	0	0.02945451143319363	0.49411764705882355	2	0	4954	2273	0.8333333333333334	0	42	85
#	0	0	0	1	0	0	0.03125	0.5	4	0	4951	2282	0.8333333333333334	0	42	84
1	0	0	1	#	#	1	0.032174492419382174	0.5029239766081871	3	0	4984	2282	0.6666666666666666	0	86	171
0	1	0	1	#	1	0	0.0	0.0	1	0	2286	2286	0.8333333333333334	0	0	84
1	0	1	0	1	#	0	0.0	0.0	2	0	2297	2297	0.8333333333333334	0	0	85
#	1	0	#	0	1	1	0.2303664355387359	0.7455621301775148	4	0	4966	2300	0.6666666666666666	0	126	169
0	#	0	1	1	#	0	0.03125	0.5	4	0	4980	2301	0.6666666666666666	0	84	168
1	#	0	1	1	0	1	0.03125	0.5	1	0	4972	2302	0.8333333333333334	0	42	84
0	#	0	1	1	1	0	0.03125	0.5	2	0	4980	2306	0.8333333333333334	0	42	84
#	1	#	#	0	#	0	0.031483556508780736	0.5007451564828614	1	0	4998	2314	0.3333333333333333	0	336	671
0	0	0	1	0	#	1	0.0	0.0	2	0	2315	2315	0.8333333333333334	0	0	84
#	1	0	1	0	0	0	0.03125	0.5	4	0	4982	2317	0.8333333333333334	0	42	84
1	0	0	1	1	#	0	0.0	0.0	1	0	2337	2337	0.8333333333333334	0	0	84
0	#	1	#	0	0	1	0.23494581272576515	0.7485029940119761	3	0	4987	2339	0.6666666666666666	0	125	167
0	#	0	0	1	0	1	0.0	0.0	1	0	2344	2344	0.8333333333333334	0	0	82
0	0	0	0	#	0	1	0.0	0.0	1	0	2355	2355	0.8333333333333334	0	0	83
1	#	0	#	1	0	1	0.03125	0.5	2	0	4972	2357	0.6666666666666666	0	82	164
0	0	#	1	0	0	1	0.03317844212454346	0.5060240963855421	4	0	4987	2361	0.8333333333333334	0	42	83
1	#	0	#	0	1	1	0.030314439367965455	0.49696969696969695	3	0	4940	2362	0.6666666666666666	0	82	165
0	1	#	1	0	#	0	0.0	0.0	3	0	2362	2362	0.6666666666666666	0	0	164
1	#	0	0	1	1	0	0.0	0.0	1	0	2368	2368	0.8333333333333334	0	0	82
1	0	#	1	#	#	1	0.03172781987687144	0.5015197568389058	3	0	4997	2372	0.5	0	165	329
1	#	#	0	#	#	1	0.03125	0.5	2	0	4999	2375	0.3333333333333333	0	328	656
0	#	0	0	0	1	0	1.0	1.0	7	0	4993	2376	0.8333333333333334	0	82	82
1	#	0	0	0	0	1	0.0	0.0	2	0	2381	2381	0.8333333333333334	0	0	82
0	1	1	0	#	1	1	0.0	0.0	1	0	2381	2381	0.8333333333333334	0	0	82
1	0	1	1	#	1	0	0.03125	0.5	1	0	4983	2383	0.8333333333333334	0	41	82
#	0	#	1	0	1	0	0.24467383840783502	0.754601226993865	7	0	4983	2383	0.6666666666666666	0	123	163
#	1	#	1	0	0	0	0.03125	0.5	2	0	4982	2392	0.6666666666666666	0	82	164
0	#	1	0	1	#	1	0.03125	0.5	2	0	4978	2407	0.6666666666666666	0	81	162
1	#	1	1	0	0	0	1.0	1.0	4	0	4954	2411	0.8333333333333334	0	80	80
#	#	#	0	1	#	0	0.03076923994291595	0.4984520123839009	1	0	4988	2415	0.3333333333333333	0	322	646
0	0	0	#	1	1	1	0.0	0.0	2	0	2417	2417	0.8333333333333334	0	0	81
1	1	#	1	0	0	1	0.0	0.0	1	0	2425	2425	0.8333333333333334	0	0	80
1	0	0	1	1	0	0	0.0	0.0	1	0	2430	2430	1.0	0	0	40
0	#	#	#	0	0	0	0.03174289247511568	0.5015673981191222	1	0	4998	2446	0.5	0	160	319
0	#	0	#	0	1	0	0.23482762478473768	0.7484276729559748	5	0	4993	2452	0.6666666666666666	0	119	159
1	#	#	1	0	#	0	0.23980260955266391	0.7515723270440252	4	0	4983	2454	0.5	0	239	318
0	0	#	1	#	0	0	0.03224514345148966	0.5031446540880503	3	0	4975	2457	0.6666666666666666	0	80	159
1	0	#	1	1	0	0	0.0	0.0	1	0	2459	2459	0.8333333333333334	0	0	80
0	0	1	1	#	0	0	0.0	0.0	1	0	2461	2461	0.8333333333333334	0	0	79
1	#	1	1	#	#	0	0.02979901789239611	0.4952681388012618	2	0	4983	2466	0.5	0	157	317
#	#	1	0	#	1	1	0.09506696738167804	0.6246056782334385	1	0	4999	2468	0.5	0	198	317
0	0	#	0	1	0	0	0.02932159417985371	0.4936708860759494	3	0	4951	2468	0.8333333333333334	0	39	79
0	0	0	#	1	#	1	0.0	0.0	2	0	2472	2472	0.6666666666666666	0	0	158
0	0	1	#	#	1	0	0.0	0.0	3	0	2483	2483	0.6666666666666666	0	0	157
1	#	#	0	#	0	1	0.0009765625	0.25	1	0	4969	2487	0.5	0	78	312
0	0	#	1	1	0	1	0.03125	0.5	2	0	4941	2494	0.8333333333333334	0	39	78
1	1	#	#	0	0	1	0.0	0.0	2	0	2502	2502	0.6666666666666666	0	0	156
#	0	1	1	1	0	1	1.0	1.0	3	0	4996	2508	0.8333333333333334	0	78	78
#	0	0	1	1	0	1	0.03125	0.5	1	0	4972	2513	0.8333333333333334	0	39	78
0	1	1	#	0	0	1	0.03125	0.5	3	0	4977	2516	0.8333333333333334	0	39	78
1	0	#	1	#	1	0	0.03125	0.5	3	0	4983	2521	0.6666666666666666	0	78	156
1	#	#	#	0	#	0	0.2392402782797962	0.751219512195122	3	0	4994	2529	0.3333333333333333	0	462	615
#	#	1	#	#	0	0	0.03074759889725214	0.49838187702265374	1	0	4988	2530	0.3333333333333333	0	308	618
1	0	#	1	0	0	1	0.0	0.0	1	0	2535	2535	0.8333333333333334	0	0	77
0	#	#	1	#	0	1	0.2334895791260084	0.7475728155339806	4	0	4987	2537	0.5	0	231	309
1	0	0	#	#	1	0	0.030254859120342058	0.4967741935483871	2	0	4994	2538	0.6666666666666666	0	77	155
1	1	0	#	1	#	0	0.03125	0.5	1	0	4957	2543	0.6666666666666666	0	76	152
1	#	1	0	1	0	0	0.03125	0.5	6	0	4976	2551	0.8333333333333334	0	38	76
0	1	1	0	0	#	1	0.0	0.0	1	0	2558	2558	0.8333333333333334	0	0	76
#	1	#	1	1	0	0	0.03125	0.5	3	0	4961	2561	0.6666666666666666	0	76	152
1	1	#	1	0	#	1	0.03125	0.5	4	0	4989	2568	0.6666666666666666	0	76	152
#	1	0	1	#	0	1	0.03125	0.5	2	0	4956	2579	0.6666666666666666	0	76	152
1	0	1	#	1	0	1	1.0	1.0	10	0	4996	2583	0.8333333333333334	0	76	76
#	#	1	1	#	1	1	0.5092678551372726	0.8737541528239202	3	0	4997	2584	0.5	0	263	301
1	0	0	#	#	#	1	0.0322985648172567	0.5033112582781457	2	0	4992	2594	0.5	0	152	302
#	1	1	0	1	0	1	0.0	0.0	1	0	2603	2603	0.8333333333333334	0	0	76
0	#	0	#	#	0	1	0.0009442288772367913	0.2483221476510067	1	0	4956	2616	0.5	0	74	298
1	1	#	1	#	0	0	1.0	1.0	9	0	4982	2621	0.6666666666666666	0	148	148
0	1	#	#	#	0	1	0.030727436538013315	0.4983164983164983	1	0	4986	2621	0.5	0	148	297
1	1	1	#	#	1	0	0.0	0.0	1	0	2628	2628	0.6666666666666666	0	0	148
0	1	#	1	0	0	0	0.0	0.0	2	0	2633	2633	0.8333333333333334	0	0	74
#	1	0	0	1	#	1	0.0010453081618440761	0.2534246575342466	1	0	4949	2642	0.6666666666666666	0	37	146
0	#	0	1	1	#	1	0.03125	0.5	2	0	4963	2642	0.6666666666666666	0	74	148
0	#	0	1	#	1	1	0.03125	0.5	1	0	4966	2653	0.6666666666666666	0	74	148
0	0	#	#	#	0	0	0.03125	0.5	2	0	4985	2674	0.5	0	145	290
0	0	#	0	0	#	0	0.030187174898880603	0.496551724137931	1	0	4985	2685	0.6666666666666666	0	72	145
0	1	1	#	#	0	1	0.03125	0.5	3	0	4986	2693	0.6666666666666666	0	72	144
0	#	1	0	#	1	1	0.03125	0.5	3	0	4995	2730	0.6666666666666666	0	71	142
#	0	0	1	1	0	0	0.03125	0.5	2	0	4975	2741	0.8333333333333334	0	35	70
#	0	0	#	#	0	1	0.0009593091802748242	0.2491103202846975	1	0	4972	2742	0.5	0	70	281
0	#	#	#	1	1	0	0.030697893768794376	0.498220640569395	1	0	4980	2748	0.5	0	140	281
#	#	0	#	#	0	0	0.2373046875	0.75	1	0	4998	2764	0.3333333333333333	0	420	560
1	#	1	1	1	1	0	0.0	0.0	2	0	2765	2765	0.8333333333333334	0	0	70
#	1	0	#	0	#	0	0.031818166927715774	0.5018050541516246	1	0	4998	2768	0.5	0	139	277
1	1	1	#	0	1	0	0.0	0.0	1	0	2776	2776	0.8333333333333334	0	0	69
1	1	1	#	0	0	1	0.0	0.0	2	0	2786	2786	0.8333333333333334	0	0	68
#	0	#	0	1	#	0	0.0009588072920466861	0.2490842490842491	1	0	4951	2817	0.5	0	68	273
0	0	#	0	0	#	1	0.03010961282556225	0.4962962962962963	3	0	4995	2826	0.6666666666666666	0	67	135
1	#	0	1	0	0	0	1.0	1.0	7	0	4982	2842	0.8333333333333334	0	68	68
#	#	1	1	1	0	1	0.24326681946242032	0.753731343283582	3	0	4996	2849	0.6666666666666666	0	101	134
#	#	#	#	0	1	1	0.03038679376614524	0.4972067039106145	2	0	4995	2853	0.3333333333333333	0	267	537
1	1	1	0	0	#	0	0.03125	0.5	4	0	4950	2857	0.8333333333333334	0	33	66
1	#	1	0	#	#	0	0.030669161185851335	0.49812734082397003	3	0	4976	2860	0.5	0	133	267
0	1	1	#	1	0	1	0.03125	0.5	6	0	4986	2862	0.8333333333333334	0	34	68
0	0	#	#	0	#	0	0.03125	0.5	3	0	4985	2864	0.5	0	134	268
1	0	0	1	0	#	1	0.0	0.0	1	0	2881	2881	0.8333333333333334	0	0	66
0	0	0	1	1	0	0	1.0	1.0	4	0	4975	2881	1.0	0	33	33
#	0	#	#	#	0	1	0.03125	0.5	2	0	4996	2886	0.3333333333333333	0	264	528
1	1	#	#	0	1	0	0.0	0.0	1	0	2888	2888	0.6666666666666666	0	0	132
0	#	#	1	1	0	1	0.23430086944568226	0.7480916030534351	3	0	4986	2897	0.6666666666666666	0	98	131
#	1	1	1	#	0	1	0.03125	0.5	2	0	4986	2897	0.6666666666666666	0	66	132
#	#	0	0	1	0	1	0.0010540299170735778	0.25384615384615383	2	0	4969	2906	0.6666666666666666	0	33	130
1	0	#	#	0	1	1	0.0	0.0	1	0	2910	2910	0.6666666666666666	0	0	132
#	0	1	0	#	0	1	0.23128204024853688	0.7461538461538462	2	0	4978	2919	0.6666666666666666	0	97	130
0	#	0	1	0	0	1	0.028918989154118183	0.49230769230769234	3	0	4955	2920	0.8333333333333334	0	32	65
0	0	1	1	#	1	0	0.0	0.0	1	0	2931	2931	0.8333333333333334	0	0	64
#	1	#	0	#	0	1	0.0	0.0	1	0	2932	2932	0.5	0	0	258
1	#	0	0	0	#	0	0.2403865252435786	0.751937984496124	1	0	4994	2937	0.6666666666666666	0	97	129
#	#	#	#	1	#	0	0.00726123213743159	0.3734238603297769	1	0	4988	2938	0.16666666666666666	0	385	1031
1	1	1	1	0	0	1	0.0	0.0	1	0	2943	2943	1.0	0	0	32
0	0	1	0	0	0	0	0.0	0.0	3	0	2949	2949	1.0	0	0	32
0	#	0	0	#	#	1	0.0	0.0	1	0	2958	2958	0.5	0	0	255
#	0	1	#	0	0	1	0.032520160641024004	0.504	4	0	4987	2985	0.6666666666666666	0	63	125
1	0	1	#	#	1	0	0.030038908118441454	0.49606299212598426	1	0	4983	2993	0.6666666666666666	0	63	127
0	#	1	#	0	1	1	0.240485670060032	0.752	1	0	4995	3002	0.6666666666666666	0	94	125
#	0	#	#	0	1	1	0.0010162550200320001	0.252	2	0	4995	3008	0.5	0	63	250
0	0	1	0	0	0	1	1.0	1.0	6	0	4937	3013	1.0	0	31	31
#	0	1	#	0	1	0	0.03125	0.5	1	0	4983	3015	0.6666666666666666	0	62	124
0	0	0	1	#	0	1	0.0	0.0	2	0	3031	3031	0.8333333333333334	0	0	62
0	0	#	1	0	1	0	0.03389684629935409	0.5081967213114754	4	0	4979	3043	0.8333333333333334	0	31	61
#	#	0	1	0	1	0	0.03125	0.5	1	0	4979	3045	0.6666666666666666	0	61	122
#	#	1	1	1	1	0	0.0	0.0	1	0	3048	3048	0.6666666666666666	0	0	123
0	0	#	#	1	1	0	0.032562843612755486	0.5041322314049587	4	0	4980	3055	0.6666666666666666	0	61	121
#	0	0	1	#	#	1	0.0009968224423024293	0.25102880658436216	2	0	4984	3059	0.5	0	61	243
1	1	0	1	0	#	0	0.03125	0.5	3	0	4982	3062	0.8333333333333334	0	30	60
0	1	0	0	1	0	1	0.0	0.0	1	0	3067	3067	1.0	0	0	30
#	1	#	1	#	0	1	0.03125	0.5	3	0	4986	3073	0.5	0	120	240
#	0	0	1	0	1	1	0.0	0.0	1	0	3080	3080	0.8333333333333334	0	0	60
#	#	0	0	1	#	0	0.09417634628586562	0.6234309623430963	1	0	4967	3083	0.5	0	149	239
1	0	#	1	1	1	0	0.0	0.0	1	0	3092	3092	0.8333333333333334	0	0	60
0	0	#	#	0	0	0	0.032585279083595056	0.5042016806722689	2	0	4985	3094	0.6666666666666666	0	60	119
#	0	#	0	1	0	0	0.0009355363806126081	0.24786324786324787	1	0	4951	3114	0.6666666666666666	0	29	117
1	0	1	#	1	1	0	0.0	0.0	1	0	3120	3120	0.8333333333333334	0	0	60
#	#	0	1	#	1	1	0.09455510731583265	0.6239316239316239	1	0	4984	3123	0.5	0	146	234
#	#	0	#	1	0	1	0.007415771484375	0.375	1	0	4972	3125	0.5	0	87	232
1	1	1	#	0	#	1	0.03125	0.5	4	0	4989	3134	0.6666666666666666	0	58	116
#	#	0	#	0	1	1	0.006893748709476792	0.3695652173913043	1	0	4966	3148	0.5	0	85	230
#	#	1	#	#	0	1	0.030579424113337098	0.49783549783549785	1	0	4996	3152	0.3333333333333333	0	230	462
#	0	1	0	#	#	0	0.0009137151988209283	0.24669603524229075	2	0	4970	3181	0.5	0	56	227
1	0	#	1	1	#	0	0.0	0.0	1	0	3184	3184	0.6666666666666666	0	0	115
0	#	0	1	0	0	0	0.03125	0.5	2	0	4974	3185	0.8333333333333334	0	28	56
#	#	0	1	#	#	0	0.03125	0.5	1	0	4982	3193	0.3333333333333333	0	224	448
1	0	#	0	1	#	0	0.0	0.0	1	0	3210	3210	0.6666666666666666	0	0	112
0	1	0	1	#	#	0	0.0	0.0	1	0	3212	3212	0.6666666666666666	0	0	112
0	#	#	0	1	0	0	0.2373046875	0.75	3	0	4988	3213	0.6666666666666666	0	84	112
1	1	#	#	1	#	1	0.03125	0.5	1	0	4990	3225	0.5	0	111	222
#	1	#	0	1	#	1	0.0009765625	0.25	1	0	4990	3232	0.5	0	55	220
#	1	0	#	0	0	0	0.2445834327635345	0.7545454545454545	1	0	4998	3246	0.6666666666666666	0	83	110
0	#	1	0	1	0	0	0.03419611030046381	0.509090909090909	1	0	4988	3256	0.8333333333333334	0	28	55
1	1	0	#	#	0	1	0.0	0.0	3	0	3259	3259	0.6666666666666666	0	0	108
0	#	1	#	1	0	0	0.0009765625	0.25	2	0	4988	3273	0.6666666666666666	0	27	108
1	1	0	0	0	#	1	0.028411057026862793	0.49056603773584906	2	0	4938	3274	0.8333333333333334	0	26	53
1	1	#	1	#	#	1	0.030529984854271264	0.49767441860465117	1	0	4989	3281	0.5	0	107	215
1	1	1	1	#	0	1	0.0	0.0	2	0	3286	3286	0.8333333333333334	0	0	54
#	1	0	0	0	1	1	0.028304087807184866	0.49019607843137253	1	0	4938	3347	0.8333333333333334	0	25	51
0	#	0	0	1	#	1	0.0	0.0	1	0	3352	3352	0.6666666666666666	0	0	101
1	#	#	0	0	0	1	0.0	0.0	1	0	3353	3353	0.6666666666666666	0	0	101
#	#	0	#	0	0	0	0.5219071182905436	0.8780487804878049	3	0	4998	3356	0.5	0	180	205
#	1	#	#	1	#	1	0.03163579779387134	0.5012285012285013	1	0	4991	3365	0.3333333333333333	0	204	407
1	#	#	0	#	1	0	0.0010501405120300813	0.25365853658536586	2	0	4994	3367	0.5	0	52	205
1	1	1	1	0	1	0	0.0	0.0	2	0	3370	3370	1.0	0	0	26
#	0	1	1	0	#	1	0.03125	0.5	1	0	4987	3371	0.6666666666666666	0	51	102
#	1	0	1	#	#	0	0.001051648467714926	0.2537313432835821	1	0	4982	3375	0.5	0	51	201
0	#	#	1	#	0	0	0.0009065042240289447	0.24630541871921183	1	0	4975	3376	0.5	0	50	203
1	1	0	1	1	#	0	0.03125	0.5	1	0	4957	3388	0.8333333333333334	0	25	50
#	1	#	1	1	0	1	0.03125	0.5	2	0	4986	3388	0.6666666666666666	0	50	100
#	0	0	1	#	1	0	0.2373046875	0.75	4	0	4980	3397	0.6666666666666666	0	75	100
0	1	0	1	#	0	1	1.0	1.0	4	0	4956	3402	0.8333333333333334	0	50	50
0	1	0	#	1	0	1	0.028188749379596083	0.4897959183673469	4	0	4956	3422	0.8333333333333334	0	24	49
#	#	0	0	0	0	1	0.0	0.0	1	0	3433	3433	0.6666666666666666	0	0	98
#	0	0	0	1	0	1	0.03125	0.5	1	0	4969	3441	0.8333333333333334	0	24	48
1	1	0	#	0	#	1	0.03125	0.5	4	0	4940	3449	0.6666666666666666	0	48	96
0	0	#	1	0	#	0	0.03125	0.5	2	0	4979	3459	0.6666666666666666	0	48	96
#	1	1	0	#	0	1	0.0	0.0	1	0	3461	3461	0.6666666666666666	0	0	96
#	0	0	1	#	#	0	0.2373046875	0.75	1	0	4981	3483	0.5	0	144	192
#	0	#	1	0	#	1	0.0009509994566662425	0.24867724867724866	2	0	4987	3499	0.5	0	47	189
0	0	#	1	0	0	0	0.028064020595835334	0.48936170212765956	3	0	4974	3509	0.8333333333333334	0	23	47
0	1	0	1	1	0	1	1.0	1.0	2	0	4956	3509	1.0	0	23	23
0	0	0	0	0	#	1	0.0	0.0	3	0	3512	3512	0.8333333333333334	0	0	47
#	1	0	1	0	#	1	0.2373046875	0.75	3	0	4966	3521	0.6666666666666666	0	69	92
0	0	0	1	0	0	1	0.0	0.0	1	0	3522	3522	1.0	0	0	23
1	1	1	1	0	#	0	0.03125	0.5	1	0	4954	3527	0.8333333333333334	0	23	46
#	1	0	0	1	0	1	0.0	0.0	1	0	3552	3552	0.8333333333333334	0	0	45
1	#	1	0	#	#	1	0.03213271279585747	0.5027932960893855	2	0	4999	3566	0.5	0	90	179
#	1	1	1	0	1	0	0.0	0.0	1	0	3574	3574	0.8333333333333334	0	0	45
1	#	0	1	0	0	1	0.0	0.0	1	0	3579	3579	0.8333333333333334	0	0	44
1	#	1	0	0	0	1	0.0	0.0	1	0	3599	3599	0.8333333333333334	0	0	44
0	#	1	1	0	0	0	0.0	0.0	1	0	3629	3629	0.8333333333333334	0	0	44
#	0	1	0	1	0	0	0.0	0.0	1	0	3631	3631	0.8333333333333334	0	0	43
1	0	0	1	0	0	1	0.0	0.0	1	0	3634	3634	1.0	0	0	22
1	1	1	#	1	1	0	0.0	0.0	1	0	3661	3661	0.8333333333333334	0	0	42
1	0	#	1	0	1	1	0.0	0.0	1	0	3664	3664	0.8333333333333334	0	0	42
0	#	0	0	0	0	0	1.0	1.0	3	0	4998	3665	0.8333333333333334	0	42	42
#	#	0	#	#	1	1	0.030303100933259965	0.49693251533742333	1	0	4992	3686	0.3333333333333333	0	162	326
1	0	#	0	1	0	0	0.0	0.0	1	0	3695	3695	0.8333333333333334	0	0	40
#	1	1	#	#	1	0	0.0009765625	0.25	1	0	4971	3716	0.5	0	40	160
1	#	0	0	0	#	1	0.0008576201795928384	0.24358974358974358	1	0	4938	3727	0.6666666666666666	0	19	78
#	0	0	0	#	1	1	0.001039954939090475	0.25316455696202533	1	0	4992	3727	0.6666666666666666	0	20	79
0	1	0	1	1	1	0	0.0	0.0	1	0	3758	3758	1.0	0	0	19
0	#	1	0	1	1	1	0.03125	0.5	2	0	4962	3782	0.8333333333333334	0	19	38
0	#	1	0	#	0	1	0.029221486406584365	0.49333333333333335	1	0	4978	3799	0.6666666666666666	0	37	75
#	1	0	0	0	0	1	0.0	0.0	1	0	3801	3801	0.8333333333333334	0	0	37
0	0	#	0	1	0	1	0.0357074950308936	0.5135135135135135	1	0	4978	3811	0.8333333333333334	0	19	37
1	1	0	#	0	#	0	0.033449861179010436	0.5068493150684932	3	0	4982	3816	0.6666666666666666	0	37	73
0	#	#	1	0	#	0	0.0009433492155900188	0.2482758620689655	1	0	4979	3829	0.5	0	36	145
0	1	1	1	0	0	0	0.0	0.0	1	0	3835	3835	1.0	0	0	18
0	#	0	1	1	0	1	0.03125	0.5	1	0	4956	3835	0.8333333333333334	0	18	36
1	#	0	1	1	0	0	0.03125	0.5	1	0	4957	3836	0.8333333333333334	0	18	36
1	0	1	1	#	#	0	0.029110420452305347	0.49295774647887325	1	0	4983	3869	0.6666666666666666	0	35	71
0	#	0	#	0	#	0	0.240205688326136	0.7518248175182481	2	0	4998	3905	0.5	0	103	137
#	#	1	#	#	1	1	0.2373046875	0.75	2	0	4999	3911	0.3333333333333333	0	204	272
0	1	#	#	#	0	0	0.03125	0.5	1	0	4998	3923	0.5	0	68	136
1	0	0	#	0	0	1	0.0	0.0	1	0	3945	3945	0.8333333333333334	0	0	33
#	#	0	1	1	#	1	0.095367431640625	0.625	1	0	4984	3962	0.5	0	80	128
0	1	#	0	1	0	1	0.0	0.0	1	0	3965	3965	0.8333333333333334	0	0	32
0	1	#	1	#	1	0	0.0	0.0	1	0	3965	3965	0.6666666666666666	0	0	65
0	0	#	0	0	0	1	0.026524537874001226	0.4838709677419355	1	0	4937	3989	0.8333333333333334	0	15	31
#	0	1	#	0	#	1	0.030019840638976	0.496	1	0	4995	3990	0.5	0	62	125
0	#	0	1	#	1	0	0.03125	0.5	2	0	4980	4047	0.6666666666666666	0	30	60
0	1	#	#	1	0	1	0.03125	0.5	3	0	4986	4053	0.6666666666666666	0	30	60
1	0	1	0	0	#	1	0.0	0.0	1	0	4057	4057	0.8333333333333334	0	0	30
1	#	0	1	0	1	1	0.03125	0.5	2	0	4940	4067	0.8333333333333334	0	14	28
1	#	0	0	1	0	0	0.03125	0.5	1	0	4943	4081	0.8333333333333334	0	14	28
1	1	#	1	0	#	0	0.03125	0.5	1	0	4982	4096	0.6666666666666666	0	28	56
0	0	0	0	1	0	1	0.0	0.0	1	0	4097	4097	1.0	0	0	14
1	0	#	#	1	1	0	0.0	0.0	1	0	4111	4111	0.6666666666666666	0	0	56
#	#	0	0	0	1	0	0.25231930775284844	0.7592592592592593	2	0	4994	4118	0.6666666666666666	0	41	54
#	#	1	#	1	0	1	0.09281764811892691	0.6216216216216216	2	0	4996	4124	0.5	0	69	111
0	#	1	0	#	#	1	0.029762181234695106	0.49514563106796117	1	0	4995	4173	0.5	0	51	103
#	0	#	0	0	0	1	0.0007211993883891124	0.23529411764705882	1	0	4937	4182	0.6666666666666666	0	12	51
1	1	0	1	0	0	1	0.0	0.0	1	0	4186	4186	1.0	0	0	13
0	#	1	#	#	#	0	0.0011029009952026759	0.2561576354679803	1	0	4988	4187	0.3333333333333333	0	52	203
0	1	0	1	1	0	0	0.0	0.0	1	0	4194	4194	1.0	0	0	12
1	1	#	1	0	1	0	0.0	0.0	1	0	4207	4207	0.8333333333333334	0	0	25
0	#	1	1	0	1	0	0.0	0.0	1	0	4250	4250	0.8333333333333334	0	0	22
#	0	1	1	#	0	1	0.2550063900805163	0.7608695652173914	1	0	4996	4282	0.6666666666666666	0	35	46
1	#	0	1	0	#	1	0.0009765625	0.25	2	0	4940	4289	0.6666666666666666	0	11	44
#	0	0	1	1	1	0	0.03125	0.5	1	0	4980	4291	0.8333333333333334	0	11	22
#	#	#	1	#	0	0	0.03125	0.5	1	0	4982	4298	0.3333333333333333	0	88	176
0	#	0	1	1	1	1	0.03125	0.5	2	0	4963	4305	0.8333333333333334	0	11	22
0	#	1	0	0	0	1	0.03125	0.5	1	0	4937	4334	0.8333333333333334	0	10	20
#	1	0	1	0	1	0	0.0	0.0	1	0	4355	4355	0.8333333333333334	0	0	20
1	#	1	1	0	1	1	0.03125	0.5	2	0	4989	4356	0.8333333333333334	0	10	20
1	#	1	1	0	#	1	0.0009765625	0.25	1	0	4989	4371	0.6666666666666666	0	10	40
0	#	#	0	0	1	0	0.22733534048886378	0.7435897435897436	1	0	4993	4386	0.6666666666666666	0	29	39
1	1	0	1	#	#	0	0.03125	0.5	1	0	4982	4410	0.6666666666666666	0	18	36
#	0	1	0	0	#	1	0.0357074950308936	0.5135135135135135	1	0	4995	4411	0.6666666666666666	0	19	37
1	#	#	#	0	1	1	0.026916905876128723	0.4852941176470588	1	0	4989	4448	0.5	0	33	68
1	0	0	1	#	0	1	0.03125	0.5	1	0	4972	4469	0.8333333333333334	0	8	16
0	0	1	1	0	1	0	0.0	0.0	1	0	4470	4470	1.0	0	0	8
0	#	0	1	0	#	0	0.03125	0.5	1	0	4979	4486	0.6666666666666666	0	16	32
1	#	1	0	1	0	1	0.03125	0.5	1	0	4964	4513	0.8333333333333334	0	8	16
1	0	1	#	1	0	0	0.0	0.0	1	0	4527	4527	0.8333333333333334	0	0	15
0	#	0	#	0	1	1	0.0009765625	0.25	1	0	4966	4554	0.6666666666666666	0	7	28
1	#	#	0	1	0	1	0.03748187928181567	0.5185185185185185	1	0	4969	4560	0.6666666666666666	0	14	27
#	#	1	1	0	1	0	0.0014145667976503727	0.2692307692307692	1	0	4983	4574	0.6666666666666666	0	7	26
1	0	0	0	0	1	0	1.0	1.0	3	0	4994	4598	1.0	0	7	7
0	0	0	#	0	1	1	0.0	0.0	1	0	4627	4627	0.8333333333333334	0	0	11
0	0	1	#	1	0	0	0.0	0.0	2	0	4628	4628	0.8333333333333334	0	0	11
0	#	0	1	1	0	0	0.03125	0.5	1	0	4975	4635	0.8333333333333334	0	6	12
#	0	0	#	1	1	1	0.038660462936795	0.5217391304347826	1	0	4992	4658	0.6666666666666666	0	12	23
0	#	#	1	0	0	0	0.0007651622719418543	0.23809523809523808	1	0	4974	4659	0.6666666666666666	0	5	21
1	1	#	0	0	#	1	0.04158799090330928	0.5294117647058824	1	0	4952	4694	0.6666666666666666	0	9	17
#	#	0	#	#	1	0	0.033449861179010436	0.5068493150684932	1	0	4994	4702	0.3333333333333333	0	37	73
#	0	1	#	1	1	0	0.0	0.0	1	0	4704	4704	0.6666666666666666	0	0	19
0	0	0	0	#	#	1	0.0	0.0	1	0	4711	4711	0.6666666666666666	0	0	17
#	1	0	#	#	#	1	0.024852831656881406	0.47761194029850745	1	0	4966	4717	0.3333333333333333	0	32	67
#	0	#	0	0	#	1	0.001299624715728415	0.2647058823529412	1	0	4995	4729	0.5	0	9	34
0	#	0	1	#	0	1	0.03125	0.5	1	0	4956	4745	0.6666666666666666	0	8	16
0	1	#	0	0	0	1	0.0	0.0	1	0	4770	4770	0.8333333333333334	0	0	8
#	#	1	0	0	1	1	0.022132674897119342	0.4666666666666667	2	0	4995	4776	0.6666666666666666	0	7	15
0	1	0	1	0	#	0	0.0	0.0	1	0	4787	4787	0.8333333333333334	0	0	6
1	0	0	0	0	1	1	0.0	0.0	1	0	4810	4810	1.0	0	0	3
1	#	0	#	#	#	1	0.027781404364645906	0.4883720930232558	1	0	4992	4823	0.3333333333333333	0	21	43
1	0	#	1	#	0	0	0.019403791345598595	0.45454545454545453	1	0	4981	4840	0.6666666666666666	0	5	11
0	1	0	#	#	#	1	0.01734152991583261	0.4444444444444444	1	0	4966	4861	0.5	0	8	18
#	#	0	1	#	1	0	0.007415771484375	0.375	1	0	4980	4865	0.5	0	6	16
#	0	#	0	#	0	0	0.043151275720164604	0.5333333333333333	1	0	4985	4875	0.5	0	8	15
1	1	1	0	0	0	1	0.0	0.0	1	0	4884	4884	1.0	0	0	2
#	0	0	1	0	0	1	0.0	0.0	1	0	4887	4887	0.8333333333333334	0	0	4
1	1	0	#	#	#	1	0.01734152991583261	0.4444444444444444	1	0	4958	4894	0.5	0	4	9
0	#	#	1	1	#	0	0.004115226337448558	0.3333333333333333	2	0	4980	4909	0.5	0	4	12
0	#	#	1	0	1	0	0.0009765625	0.25	1	0	4979	4934	0.6666666666666666	0	1	4
1	#	0	#	#	0	0	0.18593443208187066	0.7142857142857143	1	0	4982	4942	0.5	0	5	7
#	0	1	0	0	0	1	0.0	0.0	1	0	4944	4944	0.8333333333333334	0	0	1
1	#	#	#	0	1	0	0.3276800000000001	0.8	1	0	4994	4955	0.5	0	4	5
1	1	0	#	1	0	1	0.1	1.0	1	0	4977	4977	0.8333333333333334	0	0	0
