Population Characterization:------------------------------------------------------------------------
MacroPopSize	MicroPopSize	Generality
1322	12169	0.2577587859862492

SpecificitySum:------------------------------------------------------------------------
A_0	A_1	R_0	R_1	R_2	R_3
9693	9783	8440	8803	8729	8746

AccuracySum:------------------------------------------------------------------------
A_0	A_1	R_0	R_1	R_2	R_3
7996.113817499384	8077.3707225247035	6962.297245585837	7282.606494437024	7216.710999365031	7239.562728429216

CorrectTrackerSave:------------------------------------------------------------------------
1	1	1	1	1	1	1	1	1	1	1	1	1	1	1	1	1	1	1	1	1	1	1	1	1	1	1	1	1	1	1	1	1	1	1	1	1	1	1	1	1	1	1	1	1	1	1	1	1	1	1	1	1	1	1	1	1	1	1	1	1	1	1	1	