A_0	A_1	R_0	R_1	R_2	R_3	Phenotype	Fitness	Accuracy	Numerosity	AveMatchSetSize	TimeStampGA	InitTimeStamp	Specificity	DeletionProb	CorrectCount	MatchCount
#	1	1	0	#	0	0	1.0	1.0	3	49.31394919453364	9997	13	0.6666666666666666	147.94184758360092	625	625
0	#	0	0	#	0	0	1.0	1.0	1	55.980228244841754	9985	14	0.6666666666666666	55.980228244841754	624	624
1	1	0	0	#	1	1	1.0	1.0	1	37.82251990798783	9952	31	0.8333333333333334	37.82251990798783	311	311
1	1	1	1	#	1	1	1.0	1.0	2	59.653714558834196	9986	50	0.8333333333333334	119.30742911766839	312	312
#	1	#	1	#	1	1	1.0	1.0	2	57.08407939589324	9986	51	0.5	114.16815879178648	1242	1242
0	1	#	0	0	#	0	1.0	1.0	3	44.38868855972705	9985	52	0.6666666666666666	133.16606567918114	621	621
#	1	0	0	#	0	0	1.0	1.0	2	56.17887678739527	9985	55	0.6666666666666666	112.35775357479054	621	621
0	1	0	0	#	0	0	1.0	1.0	4	52.57748190974298	9985	69	0.8333333333333334	210.3099276389719	310	310
0	1	#	0	#	#	0	1.0	1.0	2	51.25322262869302	9994	83	0.5	102.50644525738603	1239	1239
1	1	#	0	0	0	0	1.0	1.0	3	58.535691432099284	9970	108	0.8333333333333334	175.60707429629787	309	309
#	1	0	1	#	1	1	1.0	1.0	3	53.915505619321074	9971	109	0.6666666666666666	161.74651685796323	617	617
0	#	0	0	0	1	0	1.0	1.0	1	48.21034875751429	9990	113	0.8333333333333334	48.21034875751429	309	309
0	1	#	0	0	0	0	1.0	1.0	2	46.0715388050207	9985	118	0.8333333333333334	92.1430776100414	309	309
1	1	0	0	1	0	0	1.0	1.0	1	47.09379202867221	9943	133	1.0	47.09379202867221	154	154
1	1	0	0	0	0	0	1.0	1.0	4	65.53173934416179	9970	137	1.0	262.12695737664717	154	154
1	1	#	1	1	1	1	1.0	1.0	9	73.29353682806683	9974	158	0.8333333333333334	659.6418314526015	307	307
1	1	0	1	#	1	1	1.0	1.0	3	58.45759887654971	9958	167	0.8333333333333334	175.37279662964914	306	306
0	1	0	0	1	1	0	1.0	1.0	1	52.96707703486783	9994	247	1.0	52.96707703486783	153	153
0	1	0	0	#	1	0	1.0	1.0	2	50.510923085376604	9994	267	0.8333333333333334	101.02184617075321	304	304
1	1	0	1	1	1	1	1.0	1.0	1	73.12242147448612	9948	290	1.0	73.12242147448612	151	151
0	1	1	0	0	#	0	1.0	1.0	1	39.80656244991246	9956	308	0.8333333333333334	39.80656244991246	302	302
0	1	1	0	#	0	0	1.0	1.0	2	46.531028106527245	9979	402	0.8333333333333334	93.06205621305449	300	300
0	1	0	1	#	#	1	1.0	1.0	6	46.00993307955067	9992	421	0.6666666666666666	276.059598477304	599	599
1	1	0	#	#	0	0	1.0	1.0	3	54.22619306203835	9970	461	0.6666666666666666	162.67857918611503	596	596
0	1	0	1	1	#	1	1.0	1.0	2	51.383702734563585	9992	468	0.8333333333333334	102.76740546912717	298	298
1	1	1	1	0	1	1	1.0	1.0	1	48.95774275197348	9986	507	1.0	48.95774275197348	149	149
0	1	0	1	1	0	1	1.0	1.0	3	48.326441366301154	9992	579	1.0	144.97932409890348	148	148
1	1	#	0	1	1	1	1.0	1.0	3	49.015242639466194	9944	595	0.8333333333333334	147.0457279183986	293	293
0	1	1	1	#	0	1	1.0	1.0	3	45.25853504058682	9995	649	0.8333333333333334	135.77560512176046	293	293
0	#	1	1	#	1	1	1.0	1.0	3	56.31252569896111	9968	650	0.6666666666666666	168.93757709688333	584	584
1	1	1	0	#	0	0	1.0	1.0	3	50.4742348815744	9997	676	0.8333333333333334	151.42270464472318	292	292
0	1	1	1	1	1	1	1.0	1.0	5	62.66677984552799	9945	726	1.0	313.33389922763996	145	145
0	1	1	1	1	#	1	1.0	1.0	6	56.229704287110586	9950	733	0.8333333333333334	337.3782257226635	289	289
0	1	1	0	1	#	0	1.0	1.0	4	52.08750572658657	9982	835	0.8333333333333334	208.35002290634628	286	286
0	0	0	0	1	0	0	1.0	1.0	2	51.18275999349768	9936	838	1.0	102.36551998699537	143	143
0	1	#	1	1	0	1	1.0	1.0	2	49.318866314949965	9992	862	0.8333333333333334	98.63773262989993	285	285
0	0	1	1	0	1	1	1.0	1.0	3	52.268120462514695	9955	915	1.0	156.80436138754408	142	142
1	1	1	#	#	0	0	1.0	1.0	1	46.46240788337454	9997	990	0.6666666666666666	46.46240788337454	564	564
1	0	0	0	0	0	0	1.0	1.0	3	71.45018547348823	9940	1039	1.0	214.3505564204647	140	140
0	0	0	#	0	0	0	1.0	1.0	4	58.011023833413944	9980	1045	0.8333333333333334	232.04409533365578	280	280
1	1	1	#	#	1	1	1.0	1.0	5	55.424878202887804	9986	1077	0.6666666666666666	277.124391014439	558	558
0	0	1	1	1	0	1	1.0	1.0	2	58.293321573226166	9991	1078	1.0	116.58664314645233	140	140
0	0	1	1	#	0	1	1.0	1.0	3	57.03349296055794	9991	1132	0.8333333333333334	171.10047888167384	278	278
0	0	0	#	0	#	0	1.0	1.0	4	54.44232776248633	9990	1141	0.6666666666666666	217.76931104994532	555	555
0	0	1	#	#	1	1	1.0	1.0	1	51.071498690025535	9963	1164	0.6666666666666666	51.071498690025535	552	552
0	#	1	1	1	0	1	1.0	1.0	1	54.20648225724964	9991	1176	0.8333333333333334	54.20648225724964	276	276
0	0	0	#	1	0	0	1.0	1.0	3	46.015272416864995	9961	1199	0.8333333333333334	138.04581725059498	274	274
1	1	1	1	1	1	1	1.0	1.0	2	72.6421515236523	9974	1219	1.0	145.2843030473046	137	137
0	1	1	1	1	0	1	1.0	1.0	2	50.51576228858869	9950	1221	1.0	101.03152457717738	137	137
1	1	0	#	1	1	1	1.0	1.0	2	60.569417764517404	9948	1347	0.8333333333333334	121.13883552903481	270	270
0	0	0	#	#	#	0	1.0	1.0	1	52.67863043266779	9990	1435	0.5	52.67863043266779	1070	1070
0	0	0	#	#	1	0	1.0	1.0	4	50.802799148838055	9990	1480	0.6666666666666666	203.21119659535222	532	532
1	0	#	#	0	0	0	1.0	1.0	3	57.14672500498412	9983	1542	0.6666666666666666	171.44017501495236	528	528
0	0	1	0	#	1	1	1.0	1.0	3	45.38332193374927	9963	1550	0.8333333333333334	136.14996580124782	264	264
0	0	1	0	0	1	1	1.0	1.0	3	39.8697123984221	9946	1560	1.0	119.6091371952663	132	132
0	1	1	0	1	1	0	1.0	1.0	3	49.117614811434066	9982	1582	1.0	147.3528444343022	132	132
0	0	0	#	1	1	0	1.0	1.0	5	49.07641393476956	9976	1630	0.8333333333333334	245.3820696738478	261	261
#	0	0	#	0	1	0	1.0	1.0	4	52.39827718456057	9999	1658	0.6666666666666666	209.59310873824228	524	524
1	0	#	1	0	0	0	1.0	1.0	5	53.83875355676684	9981	1673	0.8333333333333334	269.1937677838342	260	260
1	1	0	1	1	0	0	1.0	1.0	3	42.60984186883009	9967	1688	1.0	127.82952560649026	130	130
1	0	1	0	1	1	1	1.0	1.0	3	65.06030880639652	9977	1717	1.0	195.18092641918957	130	130
1	0	0	0	1	1	1	1.0	1.0	3	56.05214693419501	9987	1725	1.0	168.15644080258502	130	130
1	0	1	1	0	1	0	1.0	1.0	3	39.031668367419556	9993	1765	1.0	117.09500510225867	129	129
1	1	1	#	1	0	0	1.0	1.0	4	45.60771009993055	9997	1820	0.8333333333333334	182.4308403997222	256	256
0	0	0	1	#	0	0	1.0	1.0	1	46.72346982034727	9961	1876	0.8333333333333334	46.72346982034727	254	254
#	1	0	#	0	0	0	0.2380889058757898	0.7504950495049505	2	52.01776920858064	9985	1915	0.6666666666666666	104.03553841716128	379	505
0	0	1	0	0	#	1	1.0	1.0	4	45.458804886560905	9954	1963	0.8333333333333334	181.83521954624362	250	250
1	1	1	0	0	0	0	1.0	1.0	3	48.84990377193661	9957	1966	1.0	146.54971131580982	125	125
1	0	1	0	1	#	1	1.0	1.0	1	57.923965080475014	9988	1994	0.8333333333333334	57.923965080475014	250	250
0	#	1	1	0	#	1	1.0	1.0	1	50.24027856495604	9995	2019	0.6666666666666666	50.24027856495604	499	499
0	0	1	0	#	#	1	1.0	1.0	2	50.10627342747172	9963	2023	0.6666666666666666	100.21254685494344	497	497
0	0	0	#	1	#	0	1.0	1.0	4	47.989797033001835	9976	2044	0.6666666666666666	191.95918813200734	496	496
#	0	1	1	1	1	1	1.0	1.0	2	62.06929899152143	9973	2068	0.8333333333333334	124.13859798304286	248	248
1	0	#	1	0	#	0	1.0	1.0	3	49.04164064923762	9996	2226	0.6666666666666666	147.12492194771286	488	488
1	0	0	1	1	1	1	1.0	1.0	6	52.835322241433495	9998	2277	1.0	317.011933448601	121	121
#	0	1	0	1	#	1	1.0	1.0	3	56.23075349072461	9988	2285	0.6666666666666666	168.6922604721738	482	482
1	0	0	#	0	1	0	1.0	1.0	4	52.47173195784281	9999	2380	0.8333333333333334	209.88692783137125	239	239
1	0	#	#	0	#	0	1.0	1.0	4	52.31503022380179	9999	2408	0.5	209.26012089520717	951	951
1	#	1	1	0	0	0	1.0	1.0	2	48.05920269835929	9981	2461	0.8333333333333334	96.11840539671859	236	236
#	0	0	#	0	#	0	1.0	1.0	3	55.95208305515693	9999	2463	0.5	167.85624916547079	943	943
1	0	0	1	0	#	0	1.0	1.0	1	55.284382633461675	9996	2500	0.8333333333333334	55.284382633461675	235	235
1	0	1	1	1	#	1	1.0	1.0	4	57.373563995865865	9973	2528	0.8333333333333334	229.49425598346346	234	234
1	1	1	#	0	0	0	1.0	1.0	2	47.44879013786082	9962	2532	0.8333333333333334	94.89758027572164	234	234
0	0	1	#	#	0	1	1.0	1.0	8	55.5436656175184	9991	2540	0.6666666666666666	444.3493249401472	466	466
1	0	1	#	0	#	0	1.0	1.0	1	46.455066063250726	9993	2617	0.6666666666666666	46.455066063250726	463	463
1	1	1	#	0	1	1	1.0	1.0	2	47.24460322004136	9986	2657	0.8333333333333334	94.48920644008273	230	230
1	0	0	1	0	0	0	1.0	1.0	3	60.64013500630512	9978	2669	1.0	181.92040501891537	115	115
1	1	0	1	0	1	1	1.0	1.0	3	47.03098765029925	9958	2681	1.0	141.09296295089774	114	114
1	0	1	#	1	0	1	1.0	1.0	1	49.7995509373195	9988	2712	0.8333333333333334	49.7995509373195	228	228
1	0	0	1	0	1	0	1.0	1.0	6	52.055747077125986	9996	2766	1.0	312.3344824627559	113	113
1	0	1	0	0	#	0	1.0	1.0	3	50.4223380759247	9983	2799	0.8333333333333334	151.2670142277741	226	226
1	0	#	0	0	#	0	1.0	1.0	6	56.13913695305142	9999	2878	0.6666666666666666	336.8348217183085	446	446
#	#	1	1	1	1	1	1.0	1.0	5	67.05594512117946	9974	2897	0.6666666666666666	335.2797256058973	444	444
1	1	#	#	#	0	0	1.0	1.0	4	51.25165799919744	9997	2951	0.5	205.00663199678976	881	881
1	0	1	#	0	1	0	1.0	1.0	4	42.67018548764196	9993	3008	0.8333333333333334	170.68074195056784	219	219
1	1	1	0	#	1	1	1.0	1.0	2	49.370888500868055	9959	3029	0.8333333333333334	98.74177700173611	217	217
1	0	0	0	1	#	1	1.0	1.0	6	54.25107842305832	9987	3055	0.8333333333333334	325.5064705383499	218	218
1	0	#	#	0	1	0	1.0	1.0	2	49.118060107127086	9999	3158	0.6666666666666666	98.23612021425417	428	428
1	#	1	#	0	0	0	1.0	1.0	1	49.97798345857935	9983	3268	0.6666666666666666	49.97798345857935	420	420
0	1	1	1	#	1	1	1.0	1.0	4	58.8503201391227	9968	3289	0.8333333333333334	235.4012805564908	209	209
1	0	#	#	1	#	1	1.0	1.0	7	55.73544748231025	9998	3324	0.5	390.14813237617176	835	835
1	0	#	1	1	1	1	1.0	1.0	4	59.026492658437625	9998	3384	0.8333333333333334	236.1059706337505	207	207
0	1	1	1	#	#	1	1.0	1.0	2	50.901105646081064	9995	3425	0.6666666666666666	101.80221129216213	410	410
0	1	1	1	0	#	1	1.0	1.0	5	47.35502772219651	9995	3483	0.8333333333333334	236.77513861098254	204	204
1	0	#	#	1	1	1	1.0	1.0	2	59.11086009355863	9998	3576	0.6666666666666666	118.22172018711726	403	403
1	1	0	#	0	0	0	1.0	1.0	6	60.21815704021177	9970	3721	0.8333333333333334	361.30894224127064	196	196
1	0	1	1	1	1	1	1.0	1.0	4	64.43687958080871	9973	3728	1.0	257.74751832323483	98	98
0	0	0	1	#	#	0	1.0	1.0	4	48.50748752980919	9984	3730	0.6666666666666666	194.02995011923676	392	392
0	1	1	0	0	0	0	1.0	1.0	5	41.132113178974535	9942	3740	1.0	205.66056589487266	97	97
0	1	0	0	1	0	0	1.0	1.0	2	53.038236662866744	9941	3758	1.0	106.07647332573349	97	97
#	0	1	1	1	#	1	1.0	1.0	1	57.94053949033145	9991	3769	0.6666666666666666	57.94053949033145	389	389
1	1	0	0	#	0	0	1.0	1.0	4	58.137574668820214	9970	3852	0.8333333333333334	232.55029867528086	192	192
0	1	#	0	1	0	0	1.0	1.0	4	53.03697121124952	9979	3910	0.8333333333333334	212.1478848449981	190	190
#	#	1	1	1	#	1	0.5114586755835447	0.8745046235138706	2	58.304762185680424	9991	3943	0.5	116.60952437136085	662	757
0	0	0	0	1	1	0	1.0	1.0	6	55.95268190140367	9947	4033	1.0	335.716091408422	93	93
1	0	#	#	1	0	1	1.0	1.0	3	49.59692661956286	9988	4075	0.6666666666666666	148.79077985868858	371	371
0	0	0	1	0	#	0	1.0	1.0	8	52.92333712288725	9984	4163	0.8333333333333334	423.386696983098	182	182
0	0	1	1	0	0	1	1.0	1.0	3	56.391750144992876	9989	4302	1.0	169.17525043497864	89	89
0	1	#	1	#	0	1	1.0	1.0	1	44.50560429273727	9995	4388	0.6666666666666666	44.50560429273727	351	351
0	1	#	1	#	#	1	1.0	1.0	6	47.68416140647775	9995	4404	0.5	286.1049684388665	699	699
0	1	1	0	#	#	0	1.0	1.0	2	47.71497708348444	9982	4552	0.6666666666666666	95.42995416696888	340	340
0	0	1	0	#	0	1	1.0	1.0	6	53.02232323137735	9954	4595	0.8333333333333334	318.1339393882641	168	168
0	0	0	0	0	0	0	1.0	1.0	6	61.70716898887422	9980	4606	1.0	370.2430139332453	84	84
1	0	0	#	1	#	1	1.0	1.0	2	52.37723613606846	9998	4687	0.6666666666666666	104.75447227213692	332	332
#	1	1	1	#	#	1	0.23670874433671	0.7496229260935143	1	51.22595999726658	9995	4701	0.5	51.22595999726658	497	663
0	1	#	0	1	1	0	1.0	1.0	4	53.7283244032178	9994	4706	0.8333333333333334	214.9132976128712	166	166
1	1	0	1	0	0	0	1.0	1.0	3	51.267137471978906	9965	4735	1.0	153.8014124159367	82	82
0	1	1	0	1	0	0	1.0	1.0	3	51.72820556465105	9979	4756	1.0	155.18461669395316	82	82
1	0	1	#	1	#	1	1.0	1.0	6	57.71175225329004	9988	4761	0.6666666666666666	346.27051351974023	328	328
1	#	1	0	1	1	1	1.0	1.0	6	60.43547815331152	9977	4765	0.8333333333333334	362.61286891986913	163	163
#	1	0	1	1	1	1	1.0	1.0	2	62.79144140321877	9971	4796	0.8333333333333334	125.58288280643754	162	162
1	0	0	1	1	#	1	1.0	1.0	3	46.926619581565646	9998	4802	0.8333333333333334	140.77985874469692	163	163
1	0	0	#	0	#	0	1.0	1.0	2	58.2239296943858	9999	4821	0.6666666666666666	116.4478593887716	323	323
1	1	#	0	#	1	1	1.0	1.0	3	42.87748290850203	9959	4981	0.6666666666666666	128.6324487255061	312	312
1	0	#	0	1	0	1	1.0	1.0	3	52.79970616379758	9988	5029	0.8333333333333334	158.39911849139276	156	156
0	0	0	#	0	1	0	1.0	1.0	2	51.84716688752893	9990	5041	0.8333333333333334	103.69433377505786	156	156
1	0	0	0	1	0	1	1.0	1.0	2	52.291020259269324	9969	5083	1.0	104.58204051853865	77	77
0	#	#	1	1	#	1	0.23666228211779275	0.7495934959349594	1	51.887313897322834	9992	5084	0.5	51.887313897322834	461	615
1	#	1	0	#	1	1	0.23473090830137805	0.7483660130718954	1	54.43667551403248	9977	5106	0.6666666666666666	54.43667551403248	229	306
0	#	0	0	1	1	0	1.0	1.0	3	55.754504904218024	9994	5112	0.8333333333333334	167.26351471265406	153	153
0	1	#	0	#	1	0	1.0	1.0	4	49.88040711109501	9994	5369	0.6666666666666666	199.52162844438004	290	290
1	#	#	0	1	1	1	1.0	1.0	1	54.91406495670682	9987	5454	0.6666666666666666	54.91406495670682	284	284
0	0	0	0	1	#	0	1.0	1.0	2	54.223594330438594	9947	5629	0.8333333333333334	108.44718866087719	136	136
1	0	0	0	0	1	0	1.0	1.0	3	51.99598296677549	9999	5631	1.0	155.98794890032647	69	69
1	0	1	1	0	0	0	1.0	1.0	5	50.38182843041323	9981	5651	1.0	251.90914215206615	68	68
0	#	#	1	#	0	1	0.2373046875	0.75	2	48.75599677157312	9995	5714	0.5	97.51199354314625	402	536
0	#	1	1	0	1	1	1.0	1.0	2	53.41285300164374	9968	5762	0.8333333333333334	106.82570600328748	132	132
1	#	0	#	0	0	0	1.0	1.0	4	62.88849575131246	9978	5847	0.6666666666666666	251.55398300524985	259	259
#	0	1	0	#	1	1	0.2373046875	0.75	2	53.48299053250243	9977	5849	0.6666666666666666	106.96598106500485	195	260
0	1	1	1	0	1	1	1.0	1.0	2	55.784113485059734	9968	5879	1.0	111.56822697011947	64	64
1	1	#	#	1	1	1	1.0	1.0	6	63.457060162011494	9974	5893	0.6666666666666666	380.742360972069	256	256
0	0	1	0	1	1	1	1.0	1.0	4	46.28414727864642	9963	5921	1.0	185.1365891145857	64	64
#	#	0	0	0	0	0	1.0	1.0	2	62.71935591300837	9985	6141	0.6666666666666666	125.43871182601674	241	241
1	1	1	#	1	1	1	1.0	1.0	3	64.88227767436305	9974	6147	0.8333333333333334	194.64683302308916	120	120
0	0	1	1	#	#	1	1.0	1.0	4	56.315845827561446	9991	6233	0.6666666666666666	225.26338331024579	236	236
0	1	#	1	0	1	1	1.0	1.0	2	49.02339273156663	9968	6317	0.8333333333333334	98.04678546313326	115	115
0	0	1	1	#	1	1	1.0	1.0	1	54.504228616753814	9955	6351	0.8333333333333334	54.504228616753814	114	114
0	1	0	0	#	#	0	1.0	1.0	3	52.946225040421474	9994	6371	0.6666666666666666	158.83867512126443	226	226
0	0	0	1	0	0	0	1.0	1.0	2	51.683070747998485	9960	6413	1.0	103.36614149599697	56	56
#	1	1	1	0	#	1	0.2373046875	0.75	2	47.226991005704015	9995	6434	0.6666666666666666	94.45398201140803	168	224
#	1	1	1	0	1	1	1.0	1.0	2	51.28369448095997	9986	6471	0.8333333333333334	102.56738896191995	110	110
#	1	0	0	0	0	0	1.0	1.0	5	58.01084140841395	9985	6474	0.8333333333333334	290.0542070420698	110	110
1	#	1	0	0	0	0	1.0	1.0	1	50.60695327166023	9983	6478	0.8333333333333334	50.60695327166023	110	110
#	0	0	#	0	0	0	1.0	1.0	3	62.337525322821456	9980	6508	0.6666666666666666	187.01257596846438	218	218
0	#	1	1	#	#	1	1.0	1.0	5	52.747870983085896	9995	6523	0.5	263.7393549154295	435	435
0	0	0	0	#	1	0	1.0	1.0	1	53.45393057613954	9990	6543	0.8333333333333334	53.45393057613954	108	108
0	#	0	#	1	#	0	0.23545364594085683	0.7488262910798122	1	51.67695497744741	9994	6586	0.5	51.67695497744741	319	426
#	1	0	#	1	0	0	0.23178621541003852	0.7464788732394366	2	48.12163981040019	9967	6590	0.6666666666666666	96.24327962080038	159	213
0	0	1	#	0	0	1	1.0	1.0	3	53.138768056662194	9989	6613	0.8333333333333334	159.41630416998657	106	106
1	1	0	1	#	0	0	1.0	1.0	3	46.7478518431417	9967	6663	0.8333333333333334	140.24355552942512	104	104
1	0	#	0	0	0	0	1.0	1.0	7	61.74682488293017	9983	6671	0.8333333333333334	432.2277741805112	104	104
#	0	#	#	1	1	1	0.2373046875	0.75	1	56.78449224877177	9998	6681	0.5	56.78449224877177	312	416
1	#	0	1	0	0	0	1.0	1.0	2	56.35569431897794	9978	6694	0.8333333333333334	112.71138863795588	104	104
0	1	0	1	1	1	1	1.0	1.0	3	54.10090822643576	9971	6745	1.0	162.3027246793073	51	51
0	0	0	0	#	#	0	1.0	1.0	5	55.63089027576142	9990	6759	0.6666666666666666	278.1544513788071	202	202
0	1	#	0	0	1	0	1.0	1.0	6	42.1371870531602	9956	6794	0.8333333333333334	252.82312231896117	100	100
0	#	0	0	#	1	0	1.0	1.0	3	52.73138973881883	9994	6814	0.6666666666666666	158.1941692164565	198	198
#	0	0	0	0	#	0	1.0	1.0	3	58.64565295540077	9999	6816	0.6666666666666666	175.9369588662023	199	199
#	0	1	0	1	1	1	1.0	1.0	2	58.1809597452207	9977	6840	0.8333333333333334	116.3619194904414	99	99
#	1	0	0	1	#	0	0.2393191469671438	0.751269035532995	1	51.048150283151	9994	6847	0.6666666666666666	51.048150283151	148	197
1	#	1	1	1	#	1	0.2373046875	0.75	1	59.0985198466543	9974	6882	0.6666666666666666	59.0985198466543	147	196
#	1	1	0	1	0	0	1.0	1.0	6	52.01514502945978	9997	6898	0.8333333333333334	312.0908701767587	98	98
0	1	0	1	0	1	1	1.0	1.0	2	44.730962849584984	9937	6899	1.0	89.46192569916997	48	48
1	1	1	0	0	1	1	1.0	1.0	3	45.77183630293	9959	6920	1.0	137.31550890878998	48	48
#	0	1	#	1	0	1	1.0	1.0	3	53.618006659245836	9991	6949	0.6666666666666666	160.8540199777375	191	191
1	0	1	0	1	0	1	1.0	1.0	2	52.557133874057314	9988	7072	1.0	105.11426774811463	46	46
1	1	#	0	0	1	1	1.0	1.0	3	39.584629367003664	9959	7109	0.8333333333333334	118.753888101011	90	90
0	1	#	0	#	0	0	1.0	1.0	1	49.923986464808664	9985	7162	0.6666666666666666	49.923986464808664	178	178
0	0	1	1	1	1	1	1.0	1.0	1	56.347797009151044	9949	7197	1.0	56.347797009151044	43	43
1	1	1	0	1	0	0	1.0	1.0	7	51.79723570782768	9997	7210	1.0	362.5806499547938	44	44
1	0	0	#	0	0	0	1.0	1.0	4	65.81310031981646	9978	7240	0.8333333333333334	263.2524012792658	86	86
1	0	#	0	0	1	0	1.0	1.0	2	50.822988933840584	9999	7262	0.8333333333333334	101.64597786768117	86	86
0	#	#	0	#	0	0	0.24082546701511512	0.7522123893805309	1	54.389465226903596	9985	7282	0.5	54.389465226903596	255	339
0	1	0	1	#	0	1	1.0	1.0	3	44.6747072776261	9992	7292	0.8333333333333334	134.02412183287828	85	85
1	#	0	1	#	1	1	0.23268800595412076	0.7470588235294118	2	55.53322748990307	9998	7303	0.6666666666666666	111.06645497980614	127	170
1	1	#	1	1	0	0	1.0	1.0	3	40.198861457874486	9967	7309	0.8333333333333334	120.59658437362346	84	84
1	0	1	0	0	1	0	1.0	1.0	6	47.2155142909662	9972	7358	1.0	283.29308574579716	41	41
0	0	1	#	#	#	1	1.0	1.0	3	54.055680799802744	9991	7378	0.5	162.16704239940822	328	328
#	0	#	0	1	1	1	0.24235354248336288	0.7531645569620253	1	57.04056881651767	9987	7478	0.6666666666666666	57.04056881651767	119	158
1	#	0	1	1	1	1	1.0	1.0	2	62.392595114814746	9998	7489	0.8333333333333334	124.78519022962949	79	79
#	#	1	1	0	1	1	0.22984287567455908	0.7452229299363057	1	46.76741384079659	9986	7490	0.6666666666666666	46.76741384079659	117	157
1	1	#	#	#	1	1	1.0	1.0	3	52.510388298386424	9986	7492	0.5	157.53116489515926	312	312
1	0	0	#	1	0	1	1.0	1.0	4	46.97543819365477	9969	7505	0.8333333333333334	187.90175277461907	78	78
0	#	0	0	0	0	0	1.0	1.0	2	56.10913084334517	9985	7537	0.8333333333333334	112.21826168669034	78	78
1	0	0	0	0	#	0	1.0	1.0	2	62.1474757664905	9999	7584	0.8333333333333334	124.294951532981	75	75
0	#	1	1	1	#	1	1.0	1.0	1	57.02778553924562	9991	7594	0.6666666666666666	57.02778553924562	149	149
1	0	1	#	1	1	1	1.0	1.0	4	65.48063477987978	9977	7615	0.8333333333333334	261.9225391195191	74	74
#	0	0	0	#	#	0	0.23596700946979557	0.7491525423728813	2	56.79075766550691	9999	7633	0.5	113.58151533101382	221	295
0	1	0	1	0	#	1	1.0	1.0	2	40.59757825615776	9975	7683	0.8333333333333334	81.19515651231552	72	72
1	1	0	0	0	1	1	1.0	1.0	1	32.200205039474284	9952	7688	1.0	32.200205039474284	36	36
#	0	#	0	0	#	0	0.24432505180968345	0.7543859649122807	1	54.036537836049874	9999	7716	0.5	54.036537836049874	215	285
1	1	#	1	#	0	0	1.0	1.0	3	43.89505839384832	9967	7747	0.6666666666666666	131.68517518154496	140	140
0	0	0	1	1	0	0	1.0	1.0	2	41.51494350508868	9961	7842	1.0	83.02988701017736	34	34
0	0	1	1	0	#	1	1.0	1.0	4	54.32600131912683	9989	7873	0.8333333333333334	217.30400527650733	67	67
#	1	#	#	#	1	1	0.23654360830849047	0.7495183044315993	1	53.73105309928711	9986	7910	0.3333333333333333	53.73105309928711	389	519
1	1	#	#	1	0	0	1.0	1.0	2	45.5483071481615	9997	7913	0.6666666666666666	91.096614296323	131	131
#	1	0	0	1	0	0	1.0	1.0	5	50.61318938576058	9943	7940	0.8333333333333334	253.06594692880287	64	64
1	#	0	#	1	#	1	0.240485670060032	0.752	1	52.76029381082417	9998	7986	0.5	52.76029381082417	188	250
#	#	0	#	1	1	1	0.094606929690624	0.624	1	55.05106955577286	9998	8008	0.5	55.05106955577286	156	250
0	0	1	0	1	#	1	1.0	1.0	3	52.94684034228093	9963	8033	0.8333333333333334	158.8405210268428	61	61
#	0	0	1	0	1	0	1.0	1.0	3	52.40248998790893	9996	8040	0.8333333333333334	157.2074699637268	62	62
0	#	0	#	1	0	0	0.22765945697524415	0.743801652892562	1	49.23443753959951	9961	8054	0.6666666666666666	49.23443753959951	90	121
1	0	#	0	1	#	1	1.0	1.0	5	56.02495474287233	9988	8062	0.6666666666666666	280.12477371436165	122	122
1	#	#	1	0	#	0	0.24059140593162093	0.7520661157024794	1	49.01300759859199	9996	8066	0.5	49.01300759859199	182	242
1	0	#	0	1	1	1	1.0	1.0	5	59.37533881642689	9987	8085	0.8333333333333334	296.87669408213446	60	60
0	1	1	0	#	1	0	1.0	1.0	3	46.70793551258187	9982	8114	0.8333333333333334	140.12380653774562	59	59
0	#	#	1	#	#	1	0.24070441269615173	0.7521367521367521	1	50.04192170677203	9995	8131	0.3333333333333333	50.04192170677203	352	468
#	#	#	1	1	0	1	0.095367431640625	0.625	1	46.81878100463918	9992	8138	0.5	46.81878100463918	145	232
#	1	1	0	1	#	0	0.24780328615799369	0.7565217391304347	1	53.06853667145466	9997	8165	0.6666666666666666	53.06853667145466	87	115
#	1	#	#	0	1	1	0.23913291219206384	0.7511520737327189	1	45.44128198292355	9986	8240	0.5	45.44128198292355	163	217
1	1	#	1	0	0	0	1.0	1.0	3	49.77773816495849	9965	8241	0.8333333333333334	149.33321449487548	54	54
1	0	0	#	1	1	1	1.0	1.0	4	54.12836612647895	9998	8251	0.8333333333333334	216.5134645059158	56	56
0	0	0	0	#	0	0	1.0	1.0	1	57.30281718521699	9980	8259	0.8333333333333334	57.30281718521699	54	54
1	#	0	1	1	#	1	0.2409554602470073	0.7522935779816514	2	51.259438557544115	9998	8269	0.6666666666666666	102.51887711508823	82	109
#	1	1	#	0	0	0	0.23363131129320844	0.7476635514018691	2	44.32354059086814	9962	8285	0.6666666666666666	88.64708118173628	80	107
0	#	1	1	1	1	1	1.0	1.0	3	60.58020054092352	9949	8298	0.8333333333333334	181.74060162277055	52	52
1	1	1	1	1	0	0	1.0	1.0	2	38.48997162830101	9966	8327	1.0	76.97994325660201	26	26
#	1	#	1	1	#	1	0.2373046875	0.75	1	54.80667931428833	9992	8341	0.5	54.80667931428833	156	208
0	1	0	0	0	1	0	1.0	1.0	3	46.11783280753375	9938	8349	1.0	138.35349842260126	25	25
0	1	1	0	0	1	0	1.0	1.0	1	40.13977132124102	9956	8368	1.0	40.13977132124102	25	25
1	#	#	#	0	0	0	1.0	1.0	3	55.91722407830644	9983	8383	0.5	167.7516722349193	200	200
1	#	#	#	1	1	1	1.0	1.0	1	60.72313323407577	9998	8385	0.5	60.72313323407577	202	202
1	1	#	0	1	0	0	1.0	1.0	2	50.07611557125787	9997	8396	0.8333333333333334	100.15223114251575	51	51
1	#	0	0	0	0	0	1.0	1.0	1	69.6756162854889	9970	8401	0.8333333333333334	69.6756162854889	50	50
#	0	0	0	0	1	0	1.0	1.0	2	52.02745886733091	9999	8409	0.8333333333333334	104.05491773466181	50	50
1	#	#	1	#	0	0	0.2373046875	0.75	1	47.95728807771751	9981	8412	0.5	47.95728807771751	150	200
#	0	1	#	#	#	1	0.23034317559978676	0.7455470737913485	1	51.63603100008401	9991	8434	0.3333333333333333	51.63603100008401	293	393
#	1	0	1	#	#	1	0.23936104164300337	0.7512953367875648	2	48.074366901775775	9992	8446	0.5	96.14873380355155	145	193
#	#	0	1	1	#	1	0.095367431640625	0.625	1	50.333810068889406	9998	8463	0.5	50.333810068889406	120	192
#	#	0	0	#	0	0	0.5109936690706671	0.8743455497382199	3	60.032679307241494	9985	8467	0.5	180.09803792172448	167	191
1	#	#	#	#	0	0	0.23627382595147145	0.7493472584856397	1	52.73333429925277	9997	8469	0.3333333333333333	52.73333429925277	287	383
#	1	#	1	#	#	1	0.23627382595147145	0.7493472584856397	2	48.908475010294445	9995	8472	0.3333333333333333	97.81695002058889	287	383
0	#	#	1	0	0	1	0.24583995944045128	0.7553191489361702	1	47.329429540340655	9995	8505	0.6666666666666666	47.329429540340655	71	94
1	#	0	0	1	1	1	1.0	1.0	1	50.23922227648971	9987	8514	0.8333333333333334	50.23922227648971	47	47
0	0	0	0	0	#	0	1.0	1.0	2	55.917378674812255	9990	8529	0.8333333333333334	111.83475734962451	46	46
0	0	0	#	#	0	0	1.0	1.0	4	53.86387369494795	9980	8555	0.6666666666666666	215.4554947797918	89	89
0	0	1	#	0	#	1	1.0	1.0	5	50.85163041945481	9989	8562	0.6666666666666666	254.25815209727403	89	89
#	0	0	0	0	0	0	1.0	1.0	4	67.2986178463157	9980	8578	0.8333333333333334	269.1944713852628	44	44
#	0	#	1	1	0	1	0.23279332323579968	0.7471264367816092	1	48.374086753531714	9991	8615	0.6666666666666666	48.374086753531714	65	87
1	#	#	0	1	#	1	0.2303664355387359	0.7455621301775148	2	53.67200721007377	9988	8651	0.5	107.34401442014754	126	169
0	#	#	0	1	#	0	0.2373046875	0.75	2	54.63950847264417	9994	8681	0.5	109.27901694528833	123	164
0	#	#	0	1	0	0	0.2373046875	0.75	1	54.45682635668143	9979	8710	0.6666666666666666	54.45682635668143	60	80
0	#	1	#	1	0	1	0.2373046875	0.75	1	54.898637092473095	9991	8727	0.6666666666666666	54.898637092473095	60	80
0	1	#	0	1	#	0	1.0	1.0	3	54.70871547672421	9994	8771	0.6666666666666666	164.12614643017264	77	77
1	#	1	1	#	0	0	0.2373046875	0.75	2	44.89740562877226	9981	8789	0.6666666666666666	89.79481125754452	57	76
#	1	#	0	#	0	0	1.0	1.0	3	53.41834156769515	9997	8813	0.5	160.25502470308544	148	148
0	0	1	#	0	1	1	1.0	1.0	1	46.9414257410106	9955	8824	0.8333333333333334	46.9414257410106	36	36
1	1	#	1	#	1	1	1.0	1.0	6	58.976733772946126	9986	8850	0.6666666666666666	353.86040263767677	72	72
1	#	0	0	#	0	0	0.22621766644850363	0.7428571428571429	2	61.76056912934497	9970	8856	0.6666666666666666	123.52113825868994	52	70
#	1	1	#	0	1	1	0.2373046875	0.75	1	47.540586351097076	9986	8856	0.6666666666666666	47.540586351097076	54	72
#	1	#	#	1	1	1	0.22621766644850363	0.7428571428571429	1	59.75512609115353	9974	8875	0.5	59.75512609115353	104	140
#	0	1	1	#	#	1	0.23178621541003852	0.7464788732394366	1	51.5987202730161	9991	8875	0.5	51.5987202730161	106	142
1	0	0	1	0	1	1	0.0	0.0	1	51.95354998407168	8876	8876	1.0	51.95354998407168	0	18
0	0	1	0	1	0	1	1.0	1.0	4	56.8305223565312	9953	8878	1.0	227.3220894261248	17	17
1	1	#	#	0	0	0	1.0	1.0	2	55.99209835031117	9970	8882	0.6666666666666666	111.98419670062233	68	68
#	0	#	0	0	1	0	0.25449371153700956	0.7605633802816901	1	49.32402243814132	9999	8883	0.6666666666666666	49.32402243814132	54	71
#	#	1	1	0	#	1	0.0946929829227794	0.624113475177305	1	47.00860620007899	9995	8885	0.5	47.00860620007899	88	141
0	1	0	1	0	1	0	0.0	0.0	1	44.6534257598464	8907	8907	1.0	44.6534257598464	0	17
#	1	#	0	1	#	0	0.2373046875	0.75	1	52.544853904017664	9997	8910	0.5	52.544853904017664	102	136
#	#	#	0	1	0	0	0.0932669098545276	0.6222222222222222	1	53.20726187251218	9997	8912	0.5	53.20726187251218	84	135
1	1	0	0	0	0	1	0.0	0.0	1	65.63515133296639	8919	8919	1.0	65.63515133296639	0	17
1	#	0	#	1	1	1	1.0	1.0	1	56.6534591475005	9998	8922	0.6666666666666666	56.6534591475005	67	67
1	1	1	0	0	0	1	0.0	0.0	1	48.966900424704	8950	8950	1.0	48.966900424704	0	16
0	1	0	1	1	1	0	0.0	0.0	1	54.264883359744005	8959	8959	1.0	54.264883359744005	0	16
#	0	1	1	#	1	1	0.21960357388908497	0.7384615384615385	1	52.45611903850879	9973	8959	0.6666666666666666	52.45611903850879	48	65
0	#	0	#	1	1	0	0.24345215148144456	0.7538461538461538	2	52.95922947138864	9994	8960	0.6666666666666666	105.91845894277728	49	65
1	1	0	#	#	1	1	1.0	1.0	3	47.873460867728625	9958	8968	0.6666666666666666	143.62038260318587	64	64
#	0	#	#	1	0	1	0.2467956839986307	0.7559055118110236	2	52.2828368652569	9991	8982	0.5	104.5656737305138	96	127
1	0	#	1	0	1	0	1.0	1.0	1	45.83048690387679	9996	8983	0.8333333333333334	45.83048690387679	32	32
0	1	1	1	1	0	0	0.0	0.0	1	50.45416904704	8996	8996	1.0	50.45416904704	0	15
#	#	#	0	0	#	0	0.2454868426366091	0.7551020408163265	1	53.39548023753776	9999	9015	0.3333333333333333	53.39548023753776	185	245
#	#	1	0	1	#	1	0.09298733298789365	0.6218487394957983	1	53.99325824987817	9988	9052	0.5	53.99325824987817	74	119
0	0	1	#	1	1	1	1.0	1.0	2	52.93672960673773	9963	9053	0.8333333333333334	105.87345921347546	29	29
1	0	0	0	0	1	1	0.0	0.0	1	51.91509727232	9064	9064	1.0	51.91509727232	0	15
#	0	#	0	1	0	1	0.25126003423796484	0.7586206896551724	1	54.08039047283434	9988	9072	0.6666666666666666	54.08039047283434	44	58
1	#	#	1	1	1	1	1.0	1.0	1	65.68321636595613	9998	9086	0.6666666666666666	65.68321636595613	57	57
0	#	#	0	#	1	0	0.2373046875	0.75	1	50.87671484417396	9994	9104	0.5	50.87671484417396	84	112
1	0	1	#	0	0	0	1.0	1.0	4	50.91371753721029	9983	9109	0.8333333333333334	203.65487014884116	28	28
#	#	0	1	0	#	0	0.09974136470680198	0.6306306306306306	1	51.19867884981549	9996	9113	0.5	51.19867884981549	70	111
1	#	#	0	0	0	0	1.0	1.0	2	60.101805391052295	9983	9131	0.6666666666666666	120.20361078210459	54	54
0	0	0	1	1	1	0	1.0	1.0	3	41.713077657599996	9976	9141	1.0	125.13923297279999	14	14
0	0	0	1	0	1	0	1.0	1.0	3	53.1649762304	9984	9148	1.0	159.49492869120002	14	14
1	0	1	0	0	0	0	1.0	1.0	4	51.644726272	9983	9155	1.0	206.578905088	13	13
#	0	0	1	0	0	0	1.0	1.0	3	56.52645281815292	9978	9157	0.8333333333333334	169.57935845445877	26	26
#	0	0	#	#	#	0	0.2334895791260084	0.7475728155339806	3	54.67246915463967	9999	9173	0.3333333333333333	1666.8947499718556	154	206
#	1	#	0	0	#	0	0.22965034521487823	0.7450980392156863	1	50.07987775450577	9985	9177	0.5	50.07987775450577	76	102
0	1	0	0	0	#	0	1.0	1.0	1	48.42017291840686	9985	9186	0.8333333333333334	48.42017291840686	25	25
0	1	1	1	0	1	0	0.0	0.0	2	55.42091008	9189	9189	1.0	110.84182016	0	13
#	#	0	1	0	0	0	0.2373046875	0.75	1	51.26468733751098	9978	9218	0.6666666666666666	51.26468733751098	36	48
#	0	#	#	0	1	0	0.26364723082896674	0.7659574468085106	1	49.71145365538331	9999	9258	0.5	49.71145365538331	72	94
#	#	0	0	0	#	0	0.521102203085573	0.8777777777777778	1	55.496196940770815	9999	9282	0.5	55.496196940770815	79	90
0	1	0	#	0	1	1	0.03125	0.5	1	43.65426102429942	9937	9307	0.8333333333333334	1104.9461236055	10	20
#	#	1	0	0	#	0	0.09760600620741218	0.627906976744186	1	47.17489654123249	9983	9309	0.5	47.17489654123249	54	86
0	#	0	0	1	#	0	1.0	1.0	2	55.606824630905166	9994	9348	0.6666666666666666	111.21364926181033	41	41
1	1	1	1	1	1	0	0.0	0.0	2	72.635968	9353	9353	1.0	145.271936	0	10
#	#	1	1	#	1	1	0.512908935546875	0.875	1	54.46139072653648	9986	9357	0.5	54.46139072653648	70	80
1	1	1	0	1	0	1	0.0	0.0	1	51.55302399999999	9361	9361	1.0	51.55302399999999	0	10
0	1	0	#	1	1	0	0.03125	0.5	3	54.780203622124745	9994	9363	0.8333333333333334	22184.931219939932	10	20
0	#	#	0	#	#	0	0.2323403299440141	0.7468354430379747	1	53.42459886725361	9994	9364	0.3333333333333333	53.42459886725361	118	158
1	0	0	#	0	0	1	0.0	0.0	1	65.83741083195802	9375	9375	0.8333333333333334	65.83741083195802	0	19
1	1	1	0	1	#	0	0.040386107340619246	0.5263157894736842	1	52.95651032976589	9997	9375	0.8333333333333334	52.95651032976589	10	19
1	1	0	1	#	1	0	0.0	0.0	1	58.599445061632004	9383	9383	0.8333333333333334	58.599445061632004	0	18
1	1	1	1	0	0	0	1.0	1.0	1	45.6368	9962	9393	1.0	45.6368	9	9
1	1	1	1	#	0	0	1.0	1.0	1	41.533299179683844	9966	9401	0.8333333333333334	41.533299179683844	18	18
1	0	1	#	0	1	1	0.0	0.0	2	42.68520871346176	9406	9406	0.8333333333333334	85.37041742692352	0	19
1	1	1	0	0	#	0	0.03125	0.5	1	46.81326794620928	9957	9411	0.8333333333333334	46.81326794620928	9	18
0	0	0	1	1	1	1	0.0	0.0	1	42.2176	9413	9413	1.0	42.2176	0	9
1	#	1	0	1	0	0	0.040386107340619246	0.5263157894736842	1	51.94692875190272	9997	9415	0.8333333333333334	51.94692875190272	10	19
1	1	0	1	0	#	1	0.03125	0.5	1	49.9109152530432	9958	9420	0.8333333333333334	49.9109152530432	9	18
0	0	0	1	1	#	0	1.0	1.0	2	42.528208161013765	9976	9430	0.8333333333333334	85.05641632202753	18	18
0	0	#	1	0	1	1	0.03125	0.5	1	52.64366739275776	9955	9434	0.8333333333333334	52.64366739275776	9	18
#	1	#	1	1	1	1	1.0	1.0	1	66.9532130947084	9974	9444	0.6666666666666666	66.9532130947084	34	34
1	#	1	0	0	1	0	0.03125	0.5	1	47.005489283071995	9972	9462	0.8333333333333334	47.005489283071995	8	16
0	1	0	#	0	0	0	0.04158799090330928	0.5294117647058824	1	45.982272991231994	9985	9465	0.8333333333333334	45.982272991231994	9	17
1	#	1	#	1	1	1	1.0	1.0	2	65.99383336042519	9977	9472	0.6666666666666666	131.98766672085037	32	32
1	0	1	1	1	0	1	1.0	1.0	2	47.3808	9964	9477	1.0	94.7616	8	8
#	1	0	0	1	0	1	0.0	0.0	1	50.57969750016	9479	9479	0.8333333333333334	50.57969750016	0	16
0	1	0	0	0	0	0	1.0	1.0	1	50.904	9985	9492	1.0	50.904	8	8
0	#	1	#	1	#	1	0.21208362139917689	0.7333333333333333	1	55.28996791147653	9991	9507	0.5	55.28996791147653	44	60
0	1	1	0	1	0	1	0.0	0.0	1	51.208000000000006	9510	9510	1.0	51.208000000000006	0	8
0	1	#	0	1	1	1	0.0	0.0	2	53.707212652544	9525	9525	0.8333333333333334	107.414425305088	0	16
1	1	#	1	0	1	1	1.0	1.0	1	47.771570176	9986	9554	0.8333333333333334	47.771570176	14	14
1	1	#	1	0	0	1	0.0	0.0	1	49.84012032	9559	9559	0.8333333333333334	49.84012032	0	14
#	1	1	1	0	0	0	0.03125	0.5	1	43.863081779199995	9962	9575	0.8333333333333334	43.863081779199995	7	14
0	0	1	#	1	#	1	1.0	1.0	4	56.088228669992574	9991	9577	0.6666666666666666	224.3529146799703	26	26
1	1	0	1	1	0	1	0.0	0.0	1	41.736000000000004	9578	9578	1.0	41.736000000000004	0	7
0	0	#	1	1	0	1	0.04526613752481193	0.5384615384615384	1	50.776093696000004	9991	9583	0.8333333333333334	50.776093696000004	7	13
1	#	1	#	1	#	1	0.24486155808474971	0.7547169811320755	2	56.60747156613383	9988	9583	0.5	113.21494313226766	40	53
1	#	0	1	1	0	1	0.03125	0.5	1	40.10899712	9951	9605	0.8333333333333334	40.10899712	6	12
1	0	1	1	#	0	0	0.03125	0.5	1	48.20685056	9981	9609	0.8333333333333334	48.20685056	6	12
#	0	1	#	1	1	1	1.0	1.0	2	61.49729934984234	9977	9609	0.6666666666666666	122.99459869968469	24	24
0	1	1	1	1	#	0	0.0	0.0	1	56.319275520000005	9610	9610	0.8333333333333334	56.319275520000005	0	12
0	0	#	1	#	1	1	0.03125	0.5	1	51.284200282698905	9955	9615	0.6666666666666666	1298.0698097955178	12	24
#	1	1	#	#	1	1	0.2373046875	0.75	1	54.10252425421287	9986	9615	0.5	54.10252425421287	36	48
1	0	0	1	#	1	1	0.03125	0.5	1	52.615208960000004	9998	9630	0.8333333333333334	52.615208960000004	6	12
#	#	1	#	0	0	0	0.09958658297887482	0.6304347826086957	1	49.01025125226677	9983	9635	0.5	49.01025125226677	29	46
1	#	0	#	#	1	1	0.20346349914002398	0.7272727272727273	1	52.55357415676252	9998	9643	0.5	52.55357415676252	32	44
#	0	1	0	1	#	0	0.0	0.0	1	56.1968774023925	9661	9661	0.6666666666666666	4445.050178631418	0	21
1	1	0	0	#	1	0	0.0	0.0	1	38.041984	9663	9663	0.8333333333333334	38.041984	0	10
0	1	#	#	1	0	0	0.02448519270213934	0.47619047619047616	1	51.184186810639325	9979	9666	0.6666666666666666	1653.4716952449369	10	21
0	0	#	#	1	1	1	0.03125	0.5	1	51.51826601334538	9963	9670	0.6666666666666666	1303.9943178659385	10	20
1	0	0	0	#	0	1	0.03125	0.5	2	62.978303999999994	9969	9672	0.8333333333333334	125.95660799999999	5	10
0	0	#	#	0	1	0	0.03125	0.5	1	49.505619343822026	9990	9674	0.6666666666666666	1253.0516129959722	10	20
1	#	1	#	0	#	0	0.2373046875	0.75	1	46.59988382476696	9993	9680	0.5	46.59988382476696	30	40
#	0	0	#	1	1	0	0.03125	0.5	1	52.83518814470799	9976	9681	0.6666666666666666	1337.3273298101662	10	20
0	0	#	0	0	1	0	0.03125	0.5	1	46.3264	9990	9685	0.8333333333333334	46.3264	5	10
0	0	1	0	#	0	0	0.0	0.0	1	53.351423999999994	9687	9687	0.8333333333333334	53.351423999999994	0	10
1	#	1	1	1	1	1	1.0	1.0	2	69.752384	9974	9693	0.8333333333333334	139.504768	10	10
#	0	#	1	0	0	0	0.21720617794361205	0.7368421052631579	1	54.54618768428237	9981	9705	0.6666666666666666	54.54618768428237	14	19
0	0	#	#	1	0	0	0.023078380428451596	0.47058823529411764	1	52.6999998775296	9961	9707	0.6666666666666666	52.6999998775296	8	17
#	0	1	#	0	1	0	0.05292214940134466	0.5555555555555556	1	44.40762048364544	9993	9715	0.6666666666666666	44.40762048364544	10	18
#	0	0	1	0	#	0	1.0	1.0	2	54.21537750450176	9996	9721	0.6666666666666666	108.43075500900352	19	19
#	0	0	1	#	1	1	0.0012620658543943514	0.2631578947368421	1	52.07848926786355	9998	9723	0.6666666666666666	52.07848926786355	5	19
1	1	0	1	0	#	0	0.03125	0.5	1	49.9344	9965	9728	0.8333333333333334	49.9344	4	8
#	#	0	0	#	1	0	0.10644534557634333	0.6388888888888888	1	50.93263723699346	9999	9729	0.5	50.93263723699346	23	36
1	1	0	#	1	1	0	0.0	0.0	2	60.0384	9733	9733	0.8333333333333334	120.0768	0	8
0	1	1	#	1	#	0	0.03125	0.5	1	54.623727132672	9982	9746	0.6666666666666666	54.623727132672	8	16
1	1	1	1	#	#	0	0.03125	0.5	2	52.446282661888	9966	9746	0.6666666666666666	104.892565323776	8	16
#	1	1	0	0	0	0	1.0	1.0	2	44.1824	9957	9749	0.8333333333333334	88.3648	8	8
1	1	0	1	1	#	0	0.03125	0.5	1	56.7888	9967	9751	0.8333333333333334	56.7888	4	8
0	0	#	1	0	#	1	0.03125	0.5	1	54.07172222976	9989	9754	0.6666666666666666	54.07172222976	8	16
1	0	#	1	#	1	0	0.03125	0.5	1	52.895291932672	9996	9758	0.6666666666666666	52.895291932672	8	16
1	#	1	1	0	1	0	0.03125	0.5	1	43.3584	9993	9760	0.8333333333333334	43.3584	4	8
1	1	0	1	1	#	1	0.014458261438686257	0.42857142857142855	1	54.92	9948	9764	0.8333333333333334	54.92	3	7
#	#	1	#	#	1	1	0.22397642588184608	0.7413793103448276	1	52.57222152580686	9986	9765	0.3333333333333333	52.57222152580686	43	58
1	#	#	#	0	#	0	0.28809060803792885	0.7796610169491526	1	51.28129930370893	9999	9767	0.3333333333333333	51.28129930370893	46	59
1	1	#	0	#	0	0	1.0	1.0	1	55.20661504	9997	9781	0.6666666666666666	55.20661504	13	13
#	0	1	0	0	0	0	0.06092699470458736	0.5714285714285714	1	50.608000000000004	9983	9790	0.8333333333333334	50.608000000000004	4	7
0	#	0	0	0	0	1	0.0	0.0	1	55.8	9793	9793	0.8333333333333334	55.8	0	6
0	0	1	1	#	0	0	0.0	0.0	1	56.988800000000005	9796	9796	0.8333333333333334	56.988800000000005	0	8
0	#	1	#	1	1	1	0.2373046875	0.75	1	56.529781760000006	9963	9796	0.6666666666666666	56.529781760000006	9	12
0	#	0	1	#	#	0	0.025480396799999996	0.48	1	47.886282838948084	9984	9799	0.5	1486.5154346021898	12	25
1	1	#	#	0	1	0	0.0	0.0	1	44.01224704	9801	9801	0.6666666666666666	44.01224704	0	12
#	1	#	#	1	0	0	0.2535525376	0.76	1	48.60101954926627	9997	9802	0.5	48.60101954926627	19	25
#	#	#	1	1	1	1	0.512908935546875	0.875	1	59.679964291510835	9998	9808	0.5	59.679964291510835	21	24
0	0	#	0	1	#	0	0.019403791345598595	0.45454545454545453	1	54.5676672	9947	9810	0.6666666666666666	54.5676672	5	11
0	0	1	0	#	1	0	0.0	0.0	1	46.04	9814	9814	0.8333333333333334	46.04	0	6
1	0	1	#	1	1	0	0.0	0.0	1	66.0	9821	9821	0.8333333333333334	66.0	0	6
0	0	1	1	0	0	0	0.0	0.0	1	57.0	9831	9831	1.0	57.0	0	3
1	#	#	1	0	1	0	0.048282842081079885	0.5454545454545454	1	46.5787136	9996	9833	0.6666666666666666	46.5787136	6	11
1	#	0	0	1	0	0	0.010240000000000003	0.4	1	52.0	9943	9836	0.8333333333333334	52.0	2	5
0	1	#	#	1	1	0	0.048282842081079885	0.5454545454545454	2	57.0937344	9994	9838	0.6666666666666666	114.1874688	6	11
#	#	0	1	#	1	0	0.014458261438686257	0.42857142857142855	1	52.97790014602609	9996	9840	0.5	2898.298755227403	9	21
#	0	0	#	1	0	1	0.03125	0.5	1	48.6592	9969	9841	0.6666666666666666	48.6592	4	8
0	0	#	#	0	0	1	0.03125	0.5	1	56.911104	9989	9848	0.6666666666666666	56.911104	5	10
0	1	0	#	1	#	1	0.03125	0.5	1	54.457088	9992	9850	0.6666666666666666	54.457088	5	10
0	#	0	0	1	1	1	0.0	0.0	1	57.8	9851	9851	0.8333333333333334	57.8	0	5
#	1	0	0	0	#	1	0.000541922809869769	0.2222222222222222	1	50.45216	9952	9855	0.6666666666666666	50.45216	2	9
#	0	0	#	#	0	0	0.2373046875	0.75	1	57.703793717248	9980	9856	0.5	57.703793717248	12	16
0	1	#	#	1	#	0	0.03125	0.5	1	54.11274740400128	9994	9856	0.5	54.11274740400128	9	18
#	0	1	0	0	#	1	0.03125	0.5	1	49.0976	9954	9857	0.6666666666666666	49.0976	4	8
0	1	1	#	#	1	1	0.03125	0.5	1	53.1488	9968	9857	0.6666666666666666	53.1488	4	8
0	0	0	#	0	#	1	0.0	0.0	1	54.6016	9865	9865	0.6666666666666666	54.6016	0	8
1	1	0	0	#	#	1	0.03125	0.5	1	49.1104	9952	9868	0.6666666666666666	49.1104	4	8
0	0	1	0	#	#	0	0.0	0.0	1	50.648	9869	9869	0.6666666666666666	50.648	0	8
0	#	1	1	0	0	0	0.0	0.0	1	49.25	9871	9871	0.8333333333333334	49.25	0	4
1	0	0	#	1	#	0	0.0	0.0	1	52.300799999999995	9874	9874	0.6666666666666666	52.300799999999995	0	8
#	1	1	0	#	#	0	0.3276800000000001	0.8	2	49.310433853439996	9997	9875	0.5	98.62086770687999	12	15
#	#	#	#	1	1	1	0.22481780895283973	0.7419354838709677	1	57.28092778396016	9998	9877	0.3333333333333333	57.28092778396016	23	31
0	0	1	#	1	0	1	1.0	1.0	1	58.5	9991	9879	0.8333333333333334	58.5	4	4
0	1	0	#	#	0	1	0.06092699470458736	0.5714285714285714	1	47.784000000000006	9992	9881	0.6666666666666666	47.784000000000006	4	7
0	0	0	1	#	1	0	1.0	1.0	1	48.25	9984	9886	0.8333333333333334	48.25	4	4
0	0	#	#	1	0	1	0.03125	0.5	1	52.239999999999995	9991	9893	0.6666666666666666	52.239999999999995	3	6
1	1	1	1	0	#	1	0.03125	0.5	1	47.75	9986	9893	0.8333333333333334	47.75	2	4
1	#	#	0	0	#	0	0.401877572016461	0.8333333333333334	1	53.99102208000001	9999	9901	0.5	53.99102208000001	10	12
#	0	#	1	1	#	0	0.0009765625	0.25	1	53.9021312	9976	9903	0.5	53.9021312	3	12
#	0	0	0	0	0	1	0.0	0.0	1	68.66666666666667	9904	9904	0.8333333333333334	68.66666666666667	0	3
#	#	1	#	1	1	1	0.401877572016461	0.8333333333333334	1	62.44947456	9977	9908	0.5	62.44947456	10	12
1	1	0	0	#	0	1	0.0	0.0	1	59.0	9909	9909	0.8333333333333334	59.0	0	2
1	1	#	#	0	1	1	1.0	1.0	1	44.2	9986	9910	0.6666666666666666	44.2	5	5
1	0	1	#	#	0	0	0.06092699470458736	0.5714285714285714	1	51.024	9983	9912	0.6666666666666666	51.024	4	7
0	0	0	0	1	#	1	0.0	0.0	1	54.5	9915	9915	0.8333333333333334	54.5	0	2
0	0	1	1	0	#	0	0.0	0.0	1	55.333333333333336	9916	9916	0.8333333333333334	55.333333333333336	0	3
#	0	#	0	0	0	0	0.3276800000000001	0.8	1	60.2	9983	9917	0.6666666666666666	60.2	4	5
0	0	#	#	1	#	1	0.05292214940134466	0.5555555555555556	2	53.176959999999994	9991	9922	0.5	106.35391999999999	5	9
1	1	1	#	#	#	1	0.01734152991583261	0.4444444444444444	1	51.610879999999995	9986	9923	0.5	51.610879999999995	4	9
1	0	0	#	#	0	0	0.03125	0.5	1	59.75	9978	9927	0.6666666666666666	59.75	2	4
0	#	#	0	0	0	0	0.2373046875	0.75	1	51.75	9985	9927	0.6666666666666666	51.75	3	4
1	0	1	0	#	0	0	0.03125	0.5	1	52.0	9983	9929	0.8333333333333334	52.0	1	2
1	0	1	1	#	1	0	0.03125	0.5	1	53.0	9993	9930	0.8333333333333334	53.0	1	2
#	1	1	0	0	1	0	0.03125	0.5	1	41.0	9956	9933	0.8333333333333334	41.0	1	2
1	1	0	#	0	1	1	1.0	1.0	1	40.0	9958	9935	0.8333333333333334	40.0	2	2
#	1	#	0	1	1	1	0.004115226337448558	0.3333333333333333	1	51.0	9944	9941	0.6666666666666666	51.0	1	3
#	0	1	1	0	0	0	0.03125	0.5	1	52.5	9981	9943	0.8333333333333334	52.5	1	2
0	#	0	#	#	0	0	0.13168724279835387	0.6666666666666666	1	51.239999999999995	9985	9945	0.5	51.239999999999995	4	6
1	1	0	0	0	1	0	0.0	0.0	1	34.0	9945	9945	1.0	34.0	0	1
0	1	#	#	#	#	0	0.019403791345598595	0.45454545454545453	1	49.8294272	9994	9949	0.3333333333333333	49.8294272	5	11
1	#	#	1	#	1	1	0.18593443208187066	0.7142857142857143	1	54.784000000000006	9998	9952	0.5	54.784000000000006	5	7
0	1	1	#	1	0	1	0.0	0.0	1	53.0	9952	9952	0.8333333333333334	53.0	0	1
#	0	#	#	0	#	0	0.6472278485082303	0.9166666666666666	1	52.34619136	9999	9957	0.3333333333333333	52.34619136	11	12
0	1	#	1	#	#	0	0.0	0.0	1	47.8	9958	9958	0.5	47.8	0	5
#	1	#	#	0	0	0	0.13168724279835387	0.6666666666666666	1	50.88	9985	9961	0.5	50.88	4	6
1	#	0	0	0	1	1	0.0	0.0	1	55.0	9961	9961	0.8333333333333334	55.0	0	1
0	1	1	1	0	0	1	1.0	1.0	1	44.0	9995	9964	1.0	44.0	1	1
0	1	0	0	#	0	1	0.0	0.0	1	55.0	9966	9966	0.8333333333333334	55.0	0	1
#	1	0	0	0	#	0	1.0	1.0	1	62.5	9985	9967	0.6666666666666666	62.5	2	2
0	1	#	#	#	#	1	0.010240000000000003	0.4	1	51.6	9995	9980	0.3333333333333333	51.6	2	5
#	0	1	0	1	0	1	1.0	1.0	1	50.0	9988	9980	0.8333333333333334	50.0	1	1
1	0	1	1	#	#	1	0.0	0.0	1	39.0	9981	9981	0.6666666666666666	39.0	0	1
1	0	0	1	#	#	1	0.03125	0.5	1	55.0	9998	9984	0.6666666666666666	55.0	1	2
0	1	1	1	0	#	0	0.0	0.0	1	44.0	9987	9987	0.8333333333333334	44.0	0	1
0	#	0	1	0	#	0	0.1	1.0	1	51.683070747998485	9988	9988	0.6666666666666666	51.683070747998485	0	0
1	0	#	0	#	1	0	1.0	1.0	1	55.0	9999	9991	0.6666666666666666	55.0	1	1
#	0	0	0	#	0	0	0.1	1.0	1	62.71935591300837	9996	9996	0.6666666666666666	62.71935591300837	0	0
1	1	#	0	1	#	1	0.1	1.0	1	49.015242639466194	9999	9999	0.6666666666666666	49.015242639466194	0	0
