Population Characterization:------------------------------------------------------------------------
MacroPopSize	MicroPopSize	Generality
462	1000	0.23216666666666672

SpecificitySum:------------------------------------------------------------------------
A_0	A_1	R_0	R_1	R_2	R_3
836	828	768	727	715	733

AccuracySum:------------------------------------------------------------------------
A_0	A_1	R_0	R_1	R_2	R_3
771.234264781576	761.2052644179707	704.7255886667546	660.5469185759893	652.2977200296801	671.1211691751707

CorrectTrackerSave:------------------------------------------------------------------------
1	1	1	1	1	1	1	1	1	1	1	1	1	1	1	1	1	1	1	1	1	1	1	1	1	1	1	1	1	1	1	1	1	1	1	1	1	1	1	1	1	1	1	1	1	1	1	1	1	1	1	1	1	1	1	1	1	1	1	1	1	1	1	1	