A_0	A_1	R_0	R_1	R_2	R_3	Phenotype	Fitness	Accuracy	Numerosity	AveMatchSetSize	TimeStampGA	InitTimeStamp	Specificity	DeletionProb	CorrectCount	MatchCount
0	1	0	1	0	1	1	1.0	1.0	2	56.621763811142515	4945	7	1.0	113.24352762228503	78	78
#	1	1	0	#	0	0	1.0	1.0	3	49.79711111363522	4987	13	0.6666666666666666	149.39133334090565	312	312
0	#	0	0	#	0	0	1.0	1.0	3	62.626218235668674	4993	14	0.6666666666666666	187.87865470700604	312	312
1	1	0	0	#	1	1	1.0	1.0	5	49.69773952795897	4960	31	0.8333333333333334	248.48869763979485	155	155
0	#	0	0	1	0	0	1.0	1.0	4	60.16245673012328	4949	34	0.8333333333333334	240.64982692049313	154	154
#	1	0	1	0	1	1	1.0	1.0	2	56.11689586063762	4966	36	0.8333333333333334	112.23379172127524	155	155
#	1	1	1	0	1	1	1.0	1.0	1	54.19151505555487	4994	45	0.8333333333333334	54.19151505555487	156	156
#	1	#	0	#	0	0	1.0	1.0	1	54.282248474892114	4993	45	0.5	54.282248474892114	619	619
1	1	1	1	#	1	1	1.0	1.0	4	56.09309185883825	4994	50	0.8333333333333334	224.372367435353	156	156
#	1	#	1	#	1	1	1.0	1.0	4	60.39244323949397	4994	51	0.5	241.56977295797589	618	618
#	#	0	0	0	0	0	1.0	1.0	2	60.48842097301916	4993	52	0.6666666666666666	120.97684194603832	310	310
0	1	#	0	0	#	0	1.0	1.0	7	54.44843910559847	4993	52	0.6666666666666666	381.13907373918926	309	309
#	1	0	0	#	0	0	1.0	1.0	4	57.34280807572618	4993	55	0.6666666666666666	229.37123230290473	309	309
#	1	1	0	0	0	0	1.0	1.0	3	52.14286677064241	4965	59	0.8333333333333334	156.42860031192723	154	154
0	#	0	0	#	#	0	1.0	1.0	3	62.69590066315466	4998	60	0.5	188.087701989464	618	618
0	1	0	0	#	0	0	1.0	1.0	4	63.246188453551014	4993	69	0.8333333333333334	252.98475381420405	154	154
0	#	0	0	0	#	0	1.0	1.0	5	64.74606419233956	4998	70	0.6666666666666666	323.73032096169777	308	308
#	1	0	0	1	0	0	1.0	1.0	1	56.88792114908553	4951	74	0.8333333333333334	56.88792114908553	154	154
0	1	0	1	#	1	1	1.0	1.0	6	60.3577485651197	4979	77	0.8333333333333334	362.1464913907182	154	154
0	1	#	0	#	#	0	1.0	1.0	4	51.8101652035337	4993	83	0.5	207.2406608141348	614	614
#	1	#	0	1	0	0	1.0	1.0	3	51.98256252455389	4987	87	0.6666666666666666	155.94768757366168	305	305
0	1	#	0	#	1	0	1.0	1.0	2	48.53463570904007	4990	93	0.6666666666666666	97.06927141808013	306	306
0	1	0	0	0	#	0	1.0	1.0	3	61.08707769284286	4993	107	0.8333333333333334	183.2612330785286	153	153
1	1	#	0	0	0	0	1.0	1.0	3	52.68310971232303	4978	108	0.8333333333333334	158.0493291369691	153	153
#	1	0	1	#	1	1	1.0	1.0	2	60.62259547714258	4979	109	0.6666666666666666	121.24519095428516	305	305
0	#	0	0	0	1	0	1.0	1.0	3	63.32401493822366	4998	113	0.8333333333333334	189.972044814671	153	153
0	1	#	0	0	0	0	1.0	1.0	1	56.97077749126619	4993	118	0.8333333333333334	56.97077749126619	153	153
0	1	#	1	0	#	1	1.0	1.0	5	56.6480090016944	4983	130	0.6666666666666666	283.240045008472	304	304
1	1	#	1	#	1	1	1.0	1.0	1	57.71131767140615	4994	132	0.6666666666666666	57.71131767140615	304	304
1	1	0	0	1	0	0	1.0	1.0	3	52.725985459774485	4951	133	1.0	158.17795637932346	76	76
1	1	0	0	0	0	0	1.0	1.0	1	53.75966646087626	4978	137	1.0	53.75966646087626	76	76
0	1	0	0	0	1	0	1.0	1.0	4	58.581252358614975	4946	149	1.0	234.3250094344599	75	75
1	1	#	1	1	1	1	1.0	1.0	2	63.75209370714163	4982	158	0.8333333333333334	127.50418741428327	151	151
1	1	0	1	#	1	1	1.0	1.0	2	58.54650833290361	4966	167	0.8333333333333334	117.09301666580723	150	150
1	1	#	1	0	1	1	1.0	1.0	4	51.92862355944785	4994	176	0.8333333333333334	207.7144942377914	151	151
0	0	0	0	#	0	0	1.0	1.0	3	60.333598676733196	4988	205	0.8333333333333334	181.00079603019958	150	150
0	1	#	1	0	0	1	1.0	1.0	4	54.28783537962164	4983	213	0.8333333333333334	217.15134151848656	149	149
0	#	0	0	1	#	0	1.0	1.0	5	55.77598949533991	4955	219	0.6666666666666666	278.87994747669956	296	296
0	1	0	0	1	1	0	1.0	1.0	3	52.29271505741729	4938	247	1.0	156.87814517225186	74	74
1	1	#	0	#	0	0	1.0	1.0	5	51.48887617318599	4978	257	0.6666666666666666	257.44438086593	296	296
0	1	0	0	#	1	0	1.0	1.0	4	57.45203887226414	4946	267	0.8333333333333334	229.80815548905656	147	147
0	1	#	0	0	1	0	1.0	1.0	2	51.72322971165376	4964	289	0.8333333333333334	103.44645942330752	147	147
1	1	0	1	1	1	1	1.0	1.0	9	62.304200017239076	4956	290	1.0	560.7378001551517	73	73
0	1	#	1	1	#	1	1.0	1.0	5	63.80363473097255	4979	297	0.6666666666666666	319.0181736548627	293	293
#	1	#	1	1	1	1	1.0	1.0	3	67.12325618057018	4982	297	0.6666666666666666	201.36976854171053	294	294
1	1	#	0	0	1	1	1.0	1.0	5	41.142709408827045	4967	302	0.8333333333333334	205.71354704413523	146	146
1	#	0	0	0	0	0	1.0	1.0	4	55.516775031735406	4978	303	0.8333333333333334	222.06710012694163	147	147
0	1	1	0	0	#	0	1.0	1.0	3	47.606929510077194	4964	308	0.8333333333333334	142.8207885302316	146	146
1	1	0	#	0	1	1	1.0	1.0	7	50.11322046630534	4966	311	0.8333333333333334	350.7925432641374	146	146
#	1	#	#	1	1	1	0.23662238580266562	0.7495682210708118	2	58.02118187535398	4982	349	0.5	116.04236375070796	434	579
0	1	0	1	#	0	1	1.0	1.0	4	47.853861714915446	4983	361	0.8333333333333334	191.41544685966178	145	145
#	1	#	0	1	#	0	0.23867638723997833	0.7508650519031141	1	48.836084317711695	4990	369	0.5	48.836084317711695	434	578
0	1	#	1	1	1	1	1.0	1.0	2	67.55251152125655	4979	370	0.8333333333333334	135.1050230425131	145	145
0	1	1	0	0	1	0	1.0	1.0	4	44.44264013408275	4964	372	1.0	177.770560536331	72	72
0	0	0	0	0	#	0	1.0	1.0	4	65.62003925621988	4998	377	0.8333333333333334	262.48015702487953	146	146
0	1	#	1	#	1	1	1.0	1.0	4	65.2564319923938	4979	382	0.6666666666666666	261.0257279695752	288	288
1	1	#	#	#	1	1	1.0	1.0	5	51.946989058980435	4994	399	0.5	259.73494529490216	576	576
#	1	1	0	1	0	0	1.0	1.0	1	49.108935435105586	4987	401	0.8333333333333334	49.108935435105586	143	143
0	1	1	0	#	0	0	1.0	1.0	2	49.81529460900678	4987	402	0.8333333333333334	99.63058921801355	144	144
0	1	0	1	#	#	1	1.0	1.0	3	54.73092321103356	4983	421	0.6666666666666666	164.19276963310068	286	286
0	1	1	1	0	0	1	1.0	1.0	3	59.25456286875152	4939	421	1.0	177.76368860625456	71	71
1	1	1	0	1	0	0	1.0	1.0	4	51.47426295976378	4941	450	1.0	205.8970518390551	71	71
1	1	0	#	#	0	0	1.0	1.0	4	49.16013792751841	4978	461	0.6666666666666666	196.64055171007365	284	284
0	1	0	1	1	#	1	1.0	1.0	1	55.375806829472104	4979	468	0.8333333333333334	55.375806829472104	141	141
1	1	1	1	0	1	1	1.0	1.0	2	49.510416942212565	4994	507	1.0	99.02083388442513	71	71
1	#	0	1	0	#	0	0.24016374711791208	0.7517985611510791	1	51.502825749582875	4986	556	0.6666666666666666	51.502825749582875	209	278
1	1	1	0	0	1	1	1.0	1.0	4	40.00227329937549	4967	566	1.0	160.00909319750195	69	69
1	0	#	0	0	0	0	1.0	1.0	1	58.126280289921496	4991	572	0.8333333333333334	58.126280289921496	139	139
0	1	0	1	1	0	1	1.0	1.0	4	46.50987206039898	4936	579	1.0	232.5493603019949	69	69
1	1	#	0	1	1	1	1.0	1.0	4	51.91128652528953	4952	595	0.8333333333333334	207.64514610115813	137	137
0	1	1	0	#	1	0	1.0	1.0	1	43.08295648502239	4990	614	0.8333333333333334	43.08295648502239	137	137
0	#	1	1	#	0	1	1.0	1.0	3	60.90456419758472	4999	618	0.6666666666666666	184.8921157409427	274	274
0	1	1	1	#	0	1	1.0	1.0	5	61.33174454063755	4958	649	0.8333333333333334	306.6587227031878	136	136
0	#	1	1	#	1	1	1.0	1.0	2	62.66283532358223	4976	650	0.6666666666666666	125.32567064716446	272	272
1	1	1	0	#	0	0	1.0	1.0	2	51.43650759674337	4965	676	0.8333333333333334	102.87301519348674	135	135
#	1	0	0	1	#	0	0.2373046875	0.75	1	55.58640107794387	4951	682	0.6666666666666666	55.58640107794387	201	268
0	#	#	0	1	0	0	0.23877862512345643	0.7509293680297398	1	52.590142026060434	4987	690	0.6666666666666666	52.590142026060434	202	269
0	1	1	1	1	1	1	1.0	1.0	4	69.55076347873977	4953	726	1.0	278.20305391495907	67	67
0	1	1	1	1	#	1	1.0	1.0	2	67.07447556771729	4958	733	0.8333333333333334	134.14895113543457	133	133
1	#	0	1	#	1	1	0.23880092920963172	0.7509433962264151	1	52.58971823628377	4966	739	0.6666666666666666	52.58971823628377	199	265
1	1	#	1	0	0	0	1.0	1.0	1	48.22675908122013	4973	744	0.8333333333333334	48.22675908122013	134	134
0	#	1	1	#	#	1	1.0	1.0	3	61.00642365124251	4999	746	0.5	185.2740886921594	531	531
1	1	1	0	1	1	1	1.0	1.0	2	48.17933843739587	4947	760	1.0	96.35867687479174	66	66
1	0	1	0	0	0	0	1.0	1.0	5	58.66475573963449	4991	773	1.0	293.3237786981724	66	66
0	1	#	0	1	#	0	1.0	1.0	3	50.28749831652879	4990	796	0.6666666666666666	150.86249494958636	262	262
0	1	1	0	1	#	0	1.0	1.0	1	44.849648564169414	4990	835	0.8333333333333334	44.849648564169414	130	130
0	0	0	0	1	0	0	1.0	1.0	1	52.841874900409884	4944	838	1.0	52.841874900409884	65	65
0	0	1	1	0	#	1	1.0	1.0	3	57.146335039984194	4997	859	0.8333333333333334	171.43900511995258	130	130
0	1	#	1	1	0	1	1.0	1.0	2	54.89777087593407	4958	862	0.8333333333333334	109.79554175186814	128	128
1	#	#	#	0	0	0	1.0	1.0	1	53.42192247233031	4991	865	0.5	53.42192247233031	519	519
1	#	0	#	0	0	0	1.0	1.0	2	53.640263146534906	4986	911	0.6666666666666666	107.28052629306981	256	256
0	0	1	1	0	1	1	1.0	1.0	4	56.16392602478382	4963	915	1.0	224.65570409913528	64	64
1	#	1	0	0	0	0	1.0	1.0	1	55.29261497050776	4991	951	0.8333333333333334	55.29261497050776	127	127
1	#	#	0	1	1	1	1.0	1.0	2	51.81231182790212	4995	961	0.6666666666666666	103.62462365580424	253	253
0	0	0	0	0	1	0	1.0	1.0	2	64.1987028479372	4998	963	1.0	128.3974056958744	64	64
0	0	0	0	1	#	0	1.0	1.0	2	50.59391073325342	4955	965	0.8333333333333334	101.18782146650685	126	126
1	1	1	#	#	0	0	1.0	1.0	3	48.282714292382806	4974	990	0.6666666666666666	144.8481428771484	251	251
0	#	1	1	1	1	1	1.0	1.0	2	68.25064011990595	4957	1014	0.8333333333333334	136.5012802398119	124	124
1	1	0	0	1	1	1	1.0	1.0	7	57.871637046654534	4952	1021	1.0	405.10145932658173	62	62
1	#	1	1	#	0	0	0.2373046875	0.75	1	46.848690129344355	4989	1034	0.6666666666666666	46.848690129344355	186	248
1	0	0	0	0	0	0	1.0	1.0	2	60.6980490255122	4948	1039	1.0	121.3960980510244	62	62
0	0	0	#	0	0	0	1.0	1.0	3	61.61607072866856	4988	1045	0.8333333333333334	184.8482121860057	124	124
1	1	1	#	#	1	1	1.0	1.0	2	50.4486541867895	4994	1077	0.6666666666666666	100.897308373579	246	246
0	0	1	1	1	0	1	1.0	1.0	5	62.587680573376325	4999	1078	1.0	318.67300358360205	62	62
0	0	1	1	#	0	1	1.0	1.0	4	61.04415676566525	4999	1132	0.8333333333333334	247.22078382832626	122	122
1	0	1	#	0	0	0	1.0	1.0	6	54.627127889940525	4991	1134	0.8333333333333334	327.7627673396431	122	122
0	0	1	1	#	#	1	1.0	1.0	3	59.1383948122393	4999	1136	0.6666666666666666	178.26898054589736	242	242
0	0	0	#	0	#	0	1.0	1.0	5	62.339345422147424	4998	1141	0.6666666666666666	311.69672711073713	243	243
0	0	1	#	#	1	1	1.0	1.0	4	52.41620387584421	4971	1164	0.6666666666666666	209.66481550337684	240	240
0	#	1	1	1	0	1	1.0	1.0	2	62.16800899370131	4999	1176	0.8333333333333334	126.42002248425327	120	120
0	0	1	#	0	1	1	1.0	1.0	3	52.72515089391803	4963	1179	0.8333333333333334	158.17545268175408	119	119
0	0	0	#	1	0	0	1.0	1.0	6	46.40333230512332	4969	1199	0.8333333333333334	278.41999383073994	118	118
1	1	1	1	1	1	1	1.0	1.0	3	61.32027348886194	4982	1219	1.0	183.96082046658583	59	59
0	1	1	1	1	0	1	1.0	1.0	6	59.25277857582286	4958	1221	1.0	355.5166714549372	59	59
#	1	0	#	1	0	0	0.2390070096954794	0.7510729613733905	2	51.223006745026666	4975	1241	0.6666666666666666	102.44601349005333	175	233
1	1	0	#	1	1	1	1.0	1.0	2	60.23934936116405	4956	1347	0.8333333333333334	120.4786987223281	114	114
1	1	1	#	1	1	1	1.0	1.0	3	56.209381412340676	4982	1373	0.8333333333333334	168.628144237022	113	113
0	0	0	#	#	0	0	1.0	1.0	2	55.749588467278464	4988	1380	0.6666666666666666	111.49917693455693	227	227
0	1	0	1	0	#	1	1.0	1.0	2	52.835803450429545	4983	1389	0.8333333333333334	105.67160690085909	113	113
0	0	0	#	#	#	0	1.0	1.0	6	57.16224903695458	4998	1435	0.5	342.9734942217275	446	446
1	#	0	#	1	1	1	1.0	1.0	5	53.46673602537376	4995	1446	0.6666666666666666	267.3336801268688	221	221
#	0	0	0	0	#	0	1.0	1.0	2	61.637562896139876	4998	1474	0.6666666666666666	123.27512579227975	221	221
0	0	0	#	#	1	0	1.0	1.0	4	55.54987782930006	4998	1480	0.6666666666666666	222.19951131720023	220	220
0	#	1	#	#	0	1	0.23640512565700972	0.7494305239179955	2	54.67028643753453	4999	1490	0.5	107.67571609383631	329	439
#	0	0	0	0	1	0	1.0	1.0	1	57.993480284042434	4998	1495	0.8333333333333334	57.993480284042434	109	109
#	#	0	1	0	0	0	0.2373046875	0.75	1	52.25361973885479	4986	1506	0.6666666666666666	52.25361973885479	165	220
1	0	#	#	0	0	0	1.0	1.0	4	54.87180463800136	4991	1542	0.6666666666666666	219.48721855200543	216	216
0	0	1	0	#	1	1	1.0	1.0	4	48.62583941007929	4971	1550	0.8333333333333334	194.50335764031715	108	108
0	0	1	0	0	1	1	1.0	1.0	1	51.88474472526544	4954	1560	1.0	51.88474472526544	54	54
0	0	1	0	1	#	1	1.0	1.0	3	48.077679613801436	4971	1569	0.8333333333333334	144.23303884140432	107	107
0	1	1	0	1	1	0	1.0	1.0	6	42.29909928289511	4990	1582	1.0	253.79459569737065	54	54
0	0	1	1	#	1	1	1.0	1.0	2	58.766823565593974	4963	1597	0.8333333333333334	117.53364713118795	106	106
0	1	0	1	1	1	1	1.0	1.0	5	59.88665130792666	4979	1629	1.0	299.4332565396333	53	53
0	0	0	#	1	1	0	1.0	1.0	3	44.630811522785415	4984	1630	0.8333333333333334	133.89243456835624	105	105
1	0	0	#	1	1	1	1.0	1.0	4	46.55711628835726	4995	1647	0.8333333333333334	186.22846515342903	105	105
0	0	1	0	1	0	1	1.0	1.0	2	50.34449568809309	4961	1649	1.0	100.68899137618618	52	52
#	0	0	#	0	1	0	1.0	1.0	2	56.4006362840543	4998	1658	0.6666666666666666	112.8012725681086	210	210
1	0	#	1	0	0	0	1.0	1.0	3	53.561709781688236	4989	1673	0.8333333333333334	160.6851293450647	104	104
#	0	0	1	#	#	0	0.2392215166908064	0.751207729468599	2	48.82144347500859	4992	1681	0.5	97.64288695001719	311	414
1	1	0	1	1	0	0	1.0	1.0	6	46.750749310353775	4975	1688	1.0	280.50449586212267	52	52
#	1	1	#	#	1	1	0.2354001653509851	0.748792270531401	1	51.187854130837295	4994	1698	0.5	51.187854130837295	310	414
1	0	1	0	1	1	1	1.0	1.0	5	60.79145208406235	4985	1717	1.0	303.95726042031174	52	52
1	0	1	1	0	#	0	1.0	1.0	3	44.116525323915084	4989	1723	0.8333333333333334	132.34957597174525	103	103
1	0	0	0	1	1	1	1.0	1.0	2	51.42861465434758	4995	1725	1.0	102.85722930869515	52	52
1	0	1	1	0	1	0	1.0	1.0	1	35.52146928098584	4937	1765	1.0	35.52146928098584	50	50
0	0	0	#	0	1	0	1.0	1.0	1	61.652352341067655	4998	1788	0.8333333333333334	61.652352341067655	102	102
#	0	#	1	0	0	0	0.2373046875	0.75	2	55.64065683349601	4989	1807	0.6666666666666666	111.28131366699202	150	200
0	0	1	1	1	1	1	1.0	1.0	4	64.19770905688658	4957	1810	1.0	256.7908362275463	50	50
1	1	1	#	1	0	0	1.0	1.0	4	45.466577087413214	4974	1820	0.8333333333333334	181.86630834965285	99	99
#	0	1	#	#	1	1	0.23630509040673583	0.7493670886075949	2	51.04723217576076	4985	1842	0.5	102.09446435152152	296	395
1	1	1	1	1	0	0	1.0	1.0	1	41.70909620760692	4974	1853	1.0	41.70909620760692	49	49
0	0	0	1	#	0	0	1.0	1.0	5	47.68580435925569	4969	1876	0.8333333333333334	238.42902179627845	98	98
1	1	1	1	#	0	0	1.0	1.0	4	46.44032867778784	4974	1881	0.8333333333333334	185.76131471115136	98	98
#	1	0	#	0	0	0	0.23936104164300337	0.7512953367875648	2	53.75894437907378	4993	1915	0.6666666666666666	107.51788875814756	145	193
1	0	1	#	1	1	1	1.0	1.0	2	57.52047168242099	4985	1933	0.8333333333333334	115.04094336484198	96	96
0	0	1	0	0	#	1	1.0	1.0	8	50.73234147484412	4962	1963	0.8333333333333334	405.85873179875296	94	94
1	1	1	0	0	0	0	1.0	1.0	3	54.37429569206837	4965	1966	1.0	163.12288707620513	47	47
0	0	1	1	1	#	1	1.0	1.0	3	63.10894063480346	4999	1971	0.8333333333333334	193.15852738051296	95	95
#	#	0	#	#	0	0	0.2373046875	0.75	2	55.107406353695396	4993	1972	0.3333333333333333	110.21481270739079	567	756
1	0	1	0	1	#	1	1.0	1.0	3	49.096007112817134	4996	1994	0.8333333333333334	147.28802133845141	94	94
0	#	1	1	0	#	1	1.0	1.0	5	58.894205518262666	4997	2019	0.6666666666666666	294.4710275913133	186	186
0	0	1	0	#	#	1	1.0	1.0	5	48.001525646677656	4971	2023	0.6666666666666666	240.0076282333883	185	185
0	0	0	#	1	#	0	1.0	1.0	2	45.55646661872869	4984	2044	0.6666666666666666	91.11293323745738	184	184
#	0	1	1	1	1	1	1.0	1.0	2	60.16486184683122	4981	2068	0.8333333333333334	120.32972369366244	92	92
#	1	0	#	1	1	1	0.24400778779354265	0.7541899441340782	1	60.51617127352943	4979	2135	0.6666666666666666	60.51617127352943	135	179
0	0	0	1	0	1	0	1.0	1.0	3	56.45778116113351	4992	2183	1.0	169.37334348340053	44	44
0	0	1	#	0	#	1	1.0	1.0	3	53.85855083279513	4997	2204	0.6666666666666666	161.5756524983854	175	175
1	0	#	1	0	#	0	1.0	1.0	2	48.64211295500058	4989	2226	0.6666666666666666	97.28422591000115	174	174
1	#	#	0	#	0	0	0.2373046875	0.75	1	47.3503918165923	4991	2246	0.5	47.3503918165923	258	344
#	#	#	0	1	1	1	0.09592644201734411	0.6257309941520468	1	48.60540633222588	4995	2261	0.5	48.60540633222588	214	342
1	0	0	#	0	0	0	1.0	1.0	4	57.620303140433364	4986	2268	0.8333333333333334	230.48121256173346	85	85
1	0	0	1	1	1	1	1.0	1.0	1	41.68191844278335	4942	2277	1.0	41.68191844278335	42	42
#	0	1	0	1	#	1	1.0	1.0	1	46.827196283077726	4996	2285	0.6666666666666666	46.827196283077726	170	170
#	1	0	1	1	#	1	0.2373046875	0.75	1	56.247871400218784	4979	2307	0.6666666666666666	56.247871400218784	126	168
1	#	1	#	1	1	1	1.0	1.0	3	56.574721985528946	4985	2346	0.6666666666666666	169.72416595658683	167	167
1	#	1	0	1	#	1	0.2373046875	0.75	1	46.867942586969754	4996	2372	0.6666666666666666	46.867942586969754	123	164
0	0	1	#	#	#	1	1.0	1.0	2	54.25177771512318	4999	2378	0.5	106.62944428780796	328	328
1	0	0	#	0	1	0	1.0	1.0	4	48.28584154658808	4943	2380	0.8333333333333334	193.14336618635232	81	81
1	0	#	#	0	#	0	1.0	1.0	4	50.63581273412259	4991	2408	0.5	202.54325093649035	324	324
0	#	1	#	0	0	1	0.23977145097970196	0.7515527950310559	1	55.23487190631481	4997	2420	0.6666666666666666	55.23487190631481	121	161
1	0	#	0	1	#	1	1.0	1.0	3	44.657364482871266	4996	2460	0.6666666666666666	133.9720934486138	160	160
1	#	1	1	0	0	0	1.0	1.0	2	51.57840032204717	4989	2461	0.8333333333333334	103.15680064409435	80	80
0	#	0	#	1	#	0	0.23605176164529848	0.7492063492063492	1	51.62219018271636	4984	2462	0.5	51.62219018271636	236	315
#	0	0	#	0	#	0	1.0	1.0	3	59.720612381010156	4998	2463	0.5	179.16183714303048	317	317
1	0	#	1	0	1	0	1.0	1.0	2	42.236351861208576	4940	2468	0.8333333333333334	84.47270372241715	78	78
1	0	0	1	0	#	0	1.0	1.0	1	52.61701195806849	4986	2500	0.8333333333333334	52.61701195806849	78	78
1	1	0	#	1	0	0	1.0	1.0	3	48.136134398986904	4975	2502	0.8333333333333334	144.4084031969607	78	78
1	0	1	1	1	#	1	1.0	1.0	2	50.78497176984355	4981	2528	0.8333333333333334	101.5699435396871	78	78
1	1	1	#	0	0	0	1.0	1.0	5	52.30750101421803	4970	2532	0.8333333333333334	261.53750507109015	78	78
0	0	1	#	#	0	1	1.0	1.0	5	55.60665222890607	4999	2540	0.6666666666666666	275.04157643066293	154	154
#	0	0	0	0	0	0	1.0	1.0	4	62.82233131951876	4988	2553	0.8333333333333334	251.28932527807504	77	77
1	0	0	0	0	1	0	1.0	1.0	2	49.14198665529647	4943	2576	1.0	98.28397331059294	37	37
1	0	1	#	0	#	0	1.0	1.0	2	47.74709569956916	4991	2617	0.6666666666666666	95.49419139913832	150	150
1	#	0	0	1	#	1	0.2399710055247544	0.7516778523489933	1	45.86376797710722	4995	2624	0.6666666666666666	45.86376797710722	112	149
0	#	0	#	1	1	0	0.23462633247291279	0.7482993197278912	2	51.46299313738717	4984	2644	0.6666666666666666	102.92598627477435	110	147
1	1	1	#	0	1	1	1.0	1.0	5	44.75221416638973	4994	2657	0.8333333333333334	223.76107083194864	74	74
1	0	0	1	0	0	0	1.0	1.0	4	56.39117378492802	4986	2669	1.0	225.5646951397121	37	37
#	0	1	#	1	0	1	1.0	1.0	1	48.84446571881937	4999	2670	0.6666666666666666	46.555582148524216	146	146
1	1	0	1	0	1	1	1.0	1.0	1	55.44447957942451	4966	2681	1.0	55.44447957942451	36	36
#	0	#	0	1	#	1	0.2373046875	0.75	2	45.4807895066633	4996	2692	0.5	90.9615790133266	216	288
0	0	1	#	0	0	1	1.0	1.0	4	55.5520876357508	4997	2706	0.8333333333333334	222.2083505430032	72	72
1	0	1	#	1	0	1	1.0	1.0	4	42.37633649406142	4996	2712	0.8333333333333334	169.50534597624568	72	72
#	1	1	#	0	1	1	0.24012300134298675	0.75177304964539	1	48.855553524269425	4994	2740	0.6666666666666666	48.855553524269425	106	141
0	0	1	#	1	1	1	1.0	1.0	2	54.66751288650769	4971	2764	0.8333333333333334	109.33502577301537	70	70
1	0	0	1	0	1	0	1.0	1.0	2	49.35387782502209	4940	2766	1.0	98.70775565004418	34	34
1	0	1	0	0	#	0	1.0	1.0	6	50.474719276284894	4991	2799	0.8333333333333334	302.84831565770935	70	70
#	0	#	1	0	#	0	0.23443178328587946	0.7481751824817519	1	53.88594892039218	4992	2813	0.5	53.88594892039218	205	274
#	#	0	0	#	1	0	0.095367431640625	0.625	1	55.38252726286497	4998	2823	0.5	55.38252726286497	170	272
#	1	1	#	#	0	0	0.24326681946242032	0.753731343283582	1	50.15288788379657	4987	2847	0.5	50.15288788379657	202	268
#	0	1	1	1	0	1	1.0	1.0	2	53.72905187440221	4999	2875	0.8333333333333334	105.32262968600553	67	67
1	0	#	0	0	#	0	1.0	1.0	5	50.82493869783496	4991	2878	0.6666666666666666	254.1246934891748	133	133
#	#	1	1	1	1	1	1.0	1.0	3	64.74427322993235	4982	2897	0.6666666666666666	194.23281968979705	132	132
1	1	#	#	1	0	0	1.0	1.0	1	46.09930822395131	4975	2929	0.6666666666666666	46.09930822395131	128	128
1	0	#	0	1	1	1	1.0	1.0	4	53.9037126554794	4995	2934	0.8333333333333334	215.6148506219176	66	66
0	0	0	1	1	1	0	1.0	1.0	1	41.969584743506445	4984	2944	1.0	41.969584743506445	32	32
1	1	#	#	#	0	0	1.0	1.0	3	49.01938629989959	4978	2951	0.5	147.05815889969875	256	256
#	1	0	#	#	0	0	0.23887208421077794	0.7509881422924901	1	53.42840186201968	4993	2983	0.5	53.42840186201968	190	253
1	0	1	#	0	1	0	1.0	1.0	4	38.92601800917076	4980	3008	0.8333333333333334	155.70407203668304	62	62
#	0	1	1	#	1	1	0.2373046875	0.75	1	53.59671351127382	4981	3010	0.6666666666666666	53.59671351127382	93	124
1	1	1	0	#	1	1	1.0	1.0	3	42.033282011920946	4967	3029	0.8333333333333334	126.09984603576284	61	61
1	0	0	0	1	#	1	1.0	1.0	2	42.010900715926496	4995	3055	0.8333333333333334	84.02180143185299	62	62
#	0	#	#	0	0	0	0.2373046875	0.75	1	56.61350919137938	4991	3085	0.5	56.61350919137938	180	240
1	1	1	1	0	0	0	1.0	1.0	4	51.69795127981518	4970	3132	1.0	206.79180511926072	29	29
0	1	#	0	#	0	0	1.0	1.0	2	56.06215586945206	4993	3134	0.6666666666666666	112.12431173890413	117	117
1	0	#	#	0	1	0	1.0	1.0	2	43.069496574137226	4980	3158	0.6666666666666666	86.13899314827445	113	113
1	1	0	0	0	1	1	1.0	1.0	2	45.14072847428176	4960	3181	1.0	90.28145694856352	28	28
#	0	0	1	0	#	0	1.0	1.0	2	54.59567257626039	4992	3199	0.6666666666666666	109.19134515252078	113	113
1	#	1	#	1	#	1	0.2373046875	0.75	1	49.58434544805665	4996	3205	0.5	49.58434544805665	168	224
1	#	1	#	0	0	0	1.0	1.0	4	53.11301475564088	4991	3268	0.6666666666666666	212.45205902256353	108	108
0	#	#	1	0	0	1	0.23363131129320844	0.7476635514018691	2	56.01104940598626	4997	3282	0.6666666666666666	112.02209881197253	80	107
#	0	#	#	1	0	1	0.2428749773660278	0.7534883720930232	1	44.48618687791999	4999	3283	0.5	41.10773359739999	162	215
0	1	1	1	#	1	1	1.0	1.0	6	66.14025186369501	4976	3289	0.8333333333333334	396.84151118217005	53	53
1	1	#	#	0	1	1	1.0	1.0	2	46.328079809449086	4994	3301	0.6666666666666666	92.65615961889817	107	107
1	0	#	#	1	#	1	1.0	1.0	2	44.82690399387867	4996	3324	0.5	89.65380798775735	210	210
0	#	1	1	1	#	1	1.0	1.0	3	64.93128781082899	4999	3342	0.6666666666666666	199.99232929060872	104	104
0	#	1	#	#	1	1	0.2354001653509851	0.748792270531401	2	51.09016140590098	4976	3353	0.5	102.18032281180196	155	207
0	0	0	1	#	1	0	1.0	1.0	1	50.1229629908335	4992	3355	0.8333333333333334	50.1229629908335	52	52
#	0	0	1	0	0	0	1.0	1.0	3	56.41406592670851	4986	3359	0.8333333333333334	169.24219778012554	52	52
1	0	#	1	1	1	1	1.0	1.0	1	50.158057941150744	4981	3384	0.8333333333333334	50.158057941150744	50	50
0	1	1	1	#	#	1	1.0	1.0	6	65.53603673564481	4976	3425	0.6666666666666666	393.2162204138689	97	97
1	#	#	0	0	#	0	0.2373046875	0.75	1	48.62024164209747	4991	3455	0.5	48.62024164209747	144	192
0	1	1	1	0	#	1	1.0	1.0	1	60.397656536041914	4976	3483	0.8333333333333334	60.397656536041914	47	47
1	0	#	1	1	#	1	1.0	1.0	3	44.74667404768615	4981	3510	0.6666666666666666	134.24002214305844	92	92
1	#	0	0	1	1	1	1.0	1.0	4	53.338640708878216	4995	3513	0.8333333333333334	213.35456283551287	47	47
0	#	0	#	0	1	0	0.24158805496362062	0.7526881720430108	2	61.75512206968222	4998	3523	0.6666666666666666	123.51024413936445	70	93
1	0	#	#	1	1	1	1.0	1.0	4	51.213005260569446	4995	3576	0.6666666666666666	204.85202104227778	90	90
#	1	0	1	0	#	1	0.2373046875	0.75	1	51.18412998313845	4983	3596	0.6666666666666666	51.18412998313845	66	88
1	1	0	#	#	1	1	1.0	1.0	4	54.098691192688406	4966	3601	0.6666666666666666	216.39476477075362	88	88
1	#	#	1	#	0	0	0.2373046875	0.75	1	48.31680596687654	4989	3605	0.5	48.31680596687654	132	176
1	#	#	0	#	1	1	0.23959968673035922	0.7514450867052023	2	47.193001884300884	4995	3609	0.5	94.38600376860177	130	173
#	0	1	#	1	1	1	1.0	1.0	5	54.833315223237136	4985	3621	0.6666666666666666	274.1665761161857	87	87
#	0	#	0	0	#	0	0.24664625576131027	0.7558139534883721	1	57.09487726750237	4998	3631	0.5	57.09487726750237	130	172
0	0	1	#	1	0	1	1.0	1.0	3	56.51921248348452	4999	3639	0.8333333333333334	168.44704681306695	43	43
#	0	0	1	0	1	0	1.0	1.0	2	52.85912783227964	4992	3697	0.8333333333333334	105.71825566455928	41	41
1	0	1	0	1	0	1	1.0	1.0	2	44.75644253715169	4996	3716	1.0	89.51288507430338	20	20
1	1	0	#	0	0	0	1.0	1.0	2	49.33622932069087	4978	3721	0.8333333333333334	98.67245864138174	40	40
1	0	1	1	1	1	1	1.0	1.0	2	58.779061995385646	4981	3728	1.0	117.55812399077129	20	20
0	0	0	1	#	#	0	1.0	1.0	6	49.22469706722508	4992	3730	0.6666666666666666	295.3481824033505	80	80
0	1	1	0	0	0	0	1.0	1.0	2	50.96105285074945	4950	3740	1.0	101.9221057014989	19	19
0	1	0	0	1	0	0	1.0	1.0	3	65.17740942295039	4949	3758	1.0	195.53222826885116	19	19
#	0	1	1	1	#	1	1.0	1.0	1	55.84280652886004	4999	3769	0.6666666666666666	55.303508161075044	77	77
0	0	1	0	0	0	1	1.0	1.0	3	52.247350083289085	4962	3777	1.0	156.74205024986725	19	19
#	1	#	1	1	#	1	0.2400448973229144	0.7517241379310344	1	59.32352637438055	4982	3829	0.5	59.32352637438055	109	145
0	#	0	#	0	#	0	0.2400448973229144	0.7517241379310344	1	61.493692449071304	4998	3845	0.5	61.493692449071304	109	145
1	1	0	0	#	0	0	1.0	1.0	2	51.45972763927625	4978	3852	0.8333333333333334	102.9194552785525	36	36
#	0	0	#	0	0	0	1.0	1.0	1	60.11843947370356	4988	3863	0.6666666666666666	60.11843947370356	71	71
0	1	0	0	1	#	0	1.0	1.0	3	60.15033153485111	4949	3886	0.8333333333333334	180.45099460455333	34	34
1	1	#	0	1	0	0	1.0	1.0	1	49.91120715870611	4951	3908	0.8333333333333334	49.91120715870611	34	34
0	1	#	0	1	0	0	1.0	1.0	2	56.09145585572619	4987	3910	0.8333333333333334	112.18291171145238	34	34
1	0	#	1	1	0	1	1.0	1.0	2	38.62863648076929	4972	3917	0.8333333333333334	77.25727296153858	34	34
#	#	1	1	1	#	1	0.5046981831130347	0.8721804511278195	1	57.81256838780925	4999	3943	0.5	57.76571048476156	116	133
#	#	0	1	1	#	1	0.09390924151546085	0.6230769230769231	1	47.87377620561509	4979	3951	0.5	47.87377620561509	81	130
1	#	#	#	#	0	0	0.23272365383926907	0.7470817120622568	1	47.56800000959077	4991	3967	0.3333333333333333	47.56800000959077	192	257
#	1	#	0	0	0	0	1.0	1.0	3	55.59444480580764	4993	3977	0.6666666666666666	166.7833344174229	64	64
1	1	0	1	#	0	0	1.0	1.0	4	46.013302216173244	4975	3988	0.8333333333333334	184.05320886469298	32	32
0	0	0	0	0	1	1	0.0	0.0	1	63.96761024512	3999	3999	1.0	63.96761024512	0	16
1	#	1	1	1	1	1	1.0	1.0	2	61.111874509671374	4982	4019	0.8333333333333334	122.22374901934275	32	32
0	0	0	0	1	1	0	1.0	1.0	3	47.69550053376	4955	4033	1.0	143.08650160128	15	15
#	0	1	0	#	0	1	0.2373046875	0.75	1	47.93589161819167	4996	4048	0.6666666666666666	47.93589161819167	45	60
1	0	#	#	1	0	1	1.0	1.0	2	36.99170252381794	4996	4075	0.6666666666666666	73.98340504763588	59	59
0	#	#	0	0	#	0	0.24780328615799369	0.7565217391304347	2	59.067842183843354	4998	4081	0.5	118.13568436768671	87	115
#	0	1	0	#	1	1	0.2373046875	0.75	1	48.287024982620814	4985	4096	0.6666666666666666	48.287024982620814	42	56
#	#	1	0	0	0	0	0.2373046875	0.75	1	52.8662755667892	4991	4100	0.6666666666666666	52.8662755667892	42	56
0	#	#	0	0	1	0	0.23020027395048778	0.7454545454545455	1	55.832141359677266	4998	4114	0.6666666666666666	55.832141359677266	41	55
#	#	1	#	0	0	0	0.09626205418649088	0.6261682242990654	1	54.126131703265045	4991	4140	0.5	54.126131703265045	67	107
0	#	0	#	#	#	0	0.24102412417573232	0.7523364485981309	1	59.20473171731011	4998	4147	0.3333333333333333	59.20473171731011	161	214
1	#	0	#	#	0	0	0.2410954204315711	0.7523809523809524	2	47.89190051503164	4986	4150	0.5	95.78380103006327	79	105
0	0	0	1	0	#	0	1.0	1.0	2	56.66583280517204	4992	4163	0.8333333333333334	113.33166561034407	26	26
#	0	1	0	1	0	1	1.0	1.0	1	45.17282933726788	4996	4164	0.8333333333333334	45.17282933726788	26	26
0	#	1	#	1	1	1	0.2373046875	0.75	1	53.39316107329742	4971	4184	0.6666666666666666	53.39316107329742	39	52
#	0	#	#	1	#	1	0.245321017971875	0.755	1	48.06704386127486	4999	4203	0.3333333333333333	45.58380482659358	151	200
1	1	1	0	1	1	0	0.0	0.0	1	47.872573440000004	4221	4221	1.0	47.872573440000004	0	12
1	0	0	1	1	0	1	1.0	1.0	4	33.20348416	4959	4224	1.0	132.81393664	12	12
1	1	0	1	0	0	1	0.0	0.0	1	44.27785216	4239	4239	1.0	44.27785216	0	12
1	#	1	1	1	#	1	0.2373046875	0.75	1	53.94353468898171	4982	4240	0.6666666666666666	53.94353468898171	36	48
#	#	#	0	#	0	0	0.22481780895283973	0.7419354838709677	1	51.764332392073456	4993	4255	0.3333333333333333	51.764332392073456	138	186
0	#	1	#	1	#	1	0.21635505760422732	0.7362637362637363	1	52.42587003048605	4999	4275	0.5	51.03233753810756	67	91
0	#	0	#	#	1	0	0.24622492641704344	0.7555555555555555	2	57.75475722857162	4998	4280	0.5	115.50951445714324	68	90
1	#	#	1	0	#	0	0.22426920548352497	0.7415730337078652	1	50.1054469550852	4989	4286	0.5	50.1054469550852	66	89
0	0	1	1	0	0	1	1.0	1.0	4	59.8245504	4997	4302	1.0	239.2982016	11	11
0	#	0	1	0	0	1	0.03125	0.5	1	52.192410421263595	4983	4308	0.8333333333333334	1363.1444299390168	11	22
0	0	#	0	0	0	1	0.03125	0.5	1	59.32012372987635	4962	4311	0.8333333333333334	1549.3037319604323	11	22
1	#	1	0	0	#	0	0.2567458542283846	0.7619047619047619	1	47.138999990437455	4991	4331	0.6666666666666666	47.138999990437455	32	42
1	#	1	1	#	1	1	0.2662118732867609	0.7674418604651163	3	52.944326001026	4994	4333	0.6666666666666666	158.83297800307798	33	43
0	0	0	1	1	1	1	0.0	0.0	1	41.654950400000004	4342	4342	1.0	41.654950400000004	0	11
#	1	0	#	#	1	1	0.2373046875	0.75	1	57.85145720449533	4979	4357	0.5	57.85145720449533	60	80
1	0	0	1	1	1	0	0.0	0.0	1	42.019008	4359	4359	1.0	42.019008	0	10
#	0	#	0	1	0	1	0.2693290743429045	0.7692307692307693	1	41.782206851978984	4996	4372	0.6666666666666666	41.782206851978984	30	39
1	#	#	#	1	1	1	1.0	1.0	3	55.107006914666144	4995	4373	0.5	165.32102074399842	78	78
0	1	#	1	#	0	1	1.0	1.0	3	55.348216599097164	4983	4388	0.6666666666666666	166.0446497972915	37	37
#	0	#	1	1	0	1	0.2481884326272296	0.7567567567567568	2	47.003276359415814	4999	4398	0.6666666666666666	88.50819089853954	28	37
0	1	#	1	#	#	1	1.0	1.0	2	60.23399324995877	4983	4404	0.5	120.46798649991754	73	73
0	0	1	1	0	0	0	0.0	0.0	1	59.863872	4418	4418	1.0	59.863872	0	10
#	#	1	#	1	0	1	0.10335480954382222	0.6351351351351351	1	48.30115227285538	4999	4419	0.5	45.87644034106923	47	74
1	1	0	0	0	1	0	0.0	0.0	1	45.85664	4429	4429	1.0	45.85664	0	9
1	1	#	1	1	0	1	0.0	0.0	1	44.65293674233856	4432	4432	0.8333333333333334	44.65293674233856	0	18
#	1	#	#	#	0	0	0.24309233458977172	0.7536231884057971	1	52.15264188640756	4993	4442	0.3333333333333333	52.15264188640756	104	138
#	1	0	1	#	#	1	0.22059995870325735	0.7391304347826086	2	53.4352494218259	4983	4447	0.5	106.8704988436518	51	69
#	#	1	#	1	1	1	0.4917173072655821	0.8676470588235294	1	53.925685419230916	4985	4462	0.5	53.925685419230916	59	68
#	1	1	#	1	0	0	0.2495343537242618	0.7575757575757576	2	49.63929765696705	4987	4468	0.6666666666666666	99.2785953139341	25	33
0	1	1	#	0	1	1	0.03125	0.5	1	53.036364910592	4976	4477	0.8333333333333334	53.036364910592	8	16
#	#	0	0	0	1	0	0.2495343537242618	0.7575757575757576	2	56.69681020380872	4998	4479	0.6666666666666666	113.39362040761743	25	33
1	0	1	0	0	1	0	1.0	1.0	2	43.547200000000004	4980	4498	1.0	87.09440000000001	8	8
1	#	#	1	1	1	1	1.0	1.0	2	58.51581185504739	4982	4502	0.6666666666666666	117.03162371009478	31	31
1	1	0	1	0	1	0	0.0	0.0	1	54.6288	4506	4506	1.0	54.6288	0	8
#	1	1	1	0	0	1	0.03125	0.5	1	55.993217740800006	4939	4529	0.8333333333333334	55.993217740800006	7	14
0	#	#	0	#	#	0	0.2546951789996305	0.7606837606837606	1	55.912603087708185	4998	4529	0.3333333333333333	55.912603087708185	89	117
0	#	1	0	0	1	1	0.03125	0.5	1	47.4052047872	4954	4546	0.8333333333333334	47.4052047872	7	14
0	#	#	0	#	0	0	0.2373046875	0.75	1	56.80553236838135	4993	4551	0.5	56.80553236838135	42	56
0	1	1	0	#	#	0	1.0	1.0	2	44.82030311578638	4990	4552	0.6666666666666666	89.64060623157276	28	28
#	1	1	1	1	1	1	1.0	1.0	2	68.63513497599999	4982	4563	0.8333333333333334	137.27026995199998	14	14
0	0	1	1	0	#	0	0.0	0.0	1	57.24415232	4568	4568	0.8333333333333334	57.24415232	0	14
1	0	#	1	1	1	0	0.0	0.0	1	50.395236352	4573	4573	0.8333333333333334	50.395236352	0	13
1	0	1	1	1	0	1	1.0	1.0	1	42.824	4972	4576	1.0	42.824	7	7
0	0	#	1	#	1	0	0.04526613752481193	0.5384615384615384	1	53.02623075794985	4992	4579	0.6666666666666666	956.0967884208153	14	26
0	0	#	1	1	0	1	0.03125	0.5	2	53.0403637248	4999	4579	0.8333333333333334	103.600909312	7	14
#	0	1	1	#	0	1	0.2373046875	0.75	1	54.707947256066134	4999	4582	0.6666666666666666	53.88493407008267	21	28
1	1	0	0	1	#	0	0.03125	0.5	1	53.20372992	4951	4595	0.8333333333333334	53.20372992	6	12
0	0	1	0	#	0	1	1.0	1.0	1	50.052636160000006	4962	4595	0.8333333333333334	50.052636160000006	12	12
0	1	0	0	#	#	0	1.0	1.0	2	61.61176029706788	4993	4597	0.6666666666666666	123.22352059413576	25	25
0	1	0	0	0	0	1	0.0	0.0	1	61.72	4605	4605	1.0	61.72	0	7
0	0	0	0	0	0	0	1.0	1.0	2	65.76	4988	4606	1.0	131.52	6	6
#	0	0	#	#	0	0	0.2373046875	0.75	1	51.782421612202725	4988	4610	0.5	51.782421612202725	36	48
1	1	1	1	0	#	0	0.03125	0.5	1	50.66152960000001	4970	4622	0.8333333333333334	50.66152960000001	6	12
0	1	1	1	#	1	0	0.0	0.0	1	66.53558016	4627	4627	0.8333333333333334	66.53558016	0	12
#	1	1	0	#	#	0	0.24622492641704344	0.7555555555555555	2	43.83699787884819	4990	4630	0.5	87.67399575769637	34	45
1	0	#	0	#	1	1	0.038660462936795	0.5217391304347826	1	49.404915924494446	4995	4635	0.6666666666666666	1043.0080368903973	12	23
0	1	#	#	1	1	1	0.03125	0.5	1	57.43554700260252	4979	4639	0.6666666666666666	1500.0829688678464	11	22
0	0	0	0	#	1	0	1.0	1.0	2	57.777215999999996	4998	4639	0.8333333333333334	115.55443199999999	11	11
1	#	1	0	1	0	0	0.019403791345598595	0.45454545454545453	1	45.4050176	4941	4659	0.8333333333333334	45.4050176	5	11
#	1	#	1	0	0	0	0.03125	0.5	1	51.295167034949635	4973	4665	0.6666666666666666	1339.7105184855768	10	20
#	1	#	1	#	#	1	0.24222785347949022	0.7530864197530864	1	54.36736927258818	4994	4670	0.3333333333333333	54.36736927258818	61	81
1	0	#	1	0	1	1	0.0	0.0	1	42.147008	4677	4677	0.8333333333333334	42.147008	0	10
0	#	1	1	0	1	1	1.0	1.0	1	57.849920000000004	4976	4678	0.8333333333333334	57.849920000000004	10	10
0	1	0	1	1	0	0	0.0	0.0	1	46.6	4679	4679	1.0	46.6	0	5
1	0	0	#	1	#	1	1.0	1.0	2	39.76695185820877	4995	4687	0.6666666666666666	79.53390371641754	19	19
0	#	0	1	#	1	1	0.023847592523562257	0.47368421052631576	1	54.279575783440386	4979	4693	0.6666666666666666	54.279575783440386	9	19
#	1	1	1	0	#	1	0.21720617794361205	0.7368421052631579	1	55.488432191963135	4994	4695	0.6666666666666666	55.488432191963135	14	19
#	1	0	0	0	#	0	0.21720617794361205	0.7368421052631579	1	55.75975006342349	4993	4700	0.6666666666666666	55.75975006342349	14	19
#	1	1	1	#	#	1	0.21720617794361205	0.7368421052631579	2	57.36683646672302	4994	4701	0.5	114.73367293344604	28	38
0	1	#	0	1	1	0	1.0	1.0	1	47.4496	4990	4706	0.8333333333333334	47.4496	9	9
0	0	1	#	1	#	1	1.0	1.0	2	54.39396590092288	4999	4709	0.6666666666666666	106.98491475230719	18	18
#	#	1	1	1	1	0	0.0	0.0	1	64.77215234424833	4714	4714	0.6666666666666666	64.77215234424833	0	18
1	1	0	1	0	0	0	1.0	1.0	2	45.25	4973	4735	1.0	90.5	4	4
0	1	0	#	0	1	0	0.03125	0.5	1	59.3344	4946	4737	0.8333333333333334	59.3344	4	8
#	#	#	1	1	#	1	0.24345215148144456	0.7538461538461538	1	53.31115181075371	4999	4737	0.3333333333333333	52.13893976344213	49	65
1	1	0	1	#	1	0	0.0	0.0	1	59.1664	4738	4738	0.8333333333333334	59.1664	0	8
1	0	#	0	1	0	0	0.0	0.0	1	36.99296	4739	4739	0.8333333333333334	36.99296	0	9
0	0	0	0	0	0	1	0.0	0.0	1	65.5	4746	4746	1.0	65.5	0	4
0	0	1	1	1	1	0	0.0	0.0	1	64.0	4748	4748	1.0	64.0	0	4
1	1	#	1	#	0	0	1.0	1.0	1	46.20199512064	4975	4751	0.6666666666666666	46.20199512064	16	16
0	0	0	1	1	#	0	1.0	1.0	1	41.7296	4984	4752	0.8333333333333334	41.7296	8	8
#	0	#	1	0	1	1	0.001903968584518355	0.2857142857142857	1	49.882418687999994	4963	4753	0.6666666666666666	49.882418687999994	4	14
0	1	1	0	1	0	0	1.0	1.0	2	49.5	4987	4756	1.0	99.0	4	4
#	1	1	1	#	1	1	1.0	1.0	2	61.68671895551999	4994	4757	0.6666666666666666	123.37343791103999	16	16
1	1	1	1	0	#	1	0.03125	0.5	1	51.552	4994	4758	0.8333333333333334	51.552	4	8
1	0	1	#	1	#	1	1.0	1.0	1	47.955724218368	4996	4761	0.6666666666666666	47.955724218368	16	16
1	#	1	0	1	1	1	1.0	1.0	1	51.376	4985	4765	0.8333333333333334	51.376	7	7
0	1	1	1	0	1	1	1.0	1.0	1	61.25	4976	4772	1.0	61.25	4	4
1	1	#	1	0	#	1	0.022132674897119342	0.4666666666666667	1	50.247396884480004	4994	4776	0.6666666666666666	50.247396884480004	7	15
0	0	0	0	#	#	0	1.0	1.0	1	61.2754236416	4998	4778	0.6666666666666666	61.2754236416	14	14
#	0	0	0	#	#	0	0.18593443208187066	0.7142857142857143	1	55.51838133301747	4998	4779	0.5	55.51838133301747	20	28
1	1	0	#	0	#	1	0.03125	0.5	1	50.35280384	4966	4790	0.6666666666666666	50.35280384	6	12
1	0	#	0	#	0	0	0.03125	0.5	1	45.4180842496	4991	4791	0.6666666666666666	45.4180842496	7	14
0	1	1	1	0	#	0	0.0	0.0	1	61.64	4793	4793	0.8333333333333334	61.64	0	6
#	0	0	#	#	1	0	0.22301350200402018	0.7407407407407407	1	53.05181063962645	4998	4794	0.5	53.05181063962645	20	27
#	1	0	1	1	1	1	1.0	1.0	1	64.47999999999999	4979	4796	0.8333333333333334	64.47999999999999	6	6
0	0	#	1	0	#	1	0.03125	0.5	1	56.5718066176	4997	4797	0.6666666666666666	56.5718066176	7	14
1	#	1	#	#	0	0	0.2084017036410597	0.7307692307692307	1	46.92688430480665	4991	4797	0.5	46.92688430480665	19	26
0	1	#	#	#	#	1	0.03125	0.5	1	54.365942199973745	4983	4802	0.3333333333333333	1419.91202724924	24	48
1	0	0	1	1	#	1	1.0	1.0	1	37.239999999999995	4959	4802	0.8333333333333334	37.239999999999995	6	6
#	0	#	0	0	1	0	0.2373046875	0.75	1	52.61731072	4998	4808	0.6666666666666666	52.61731072	9	12
0	1	0	#	#	#	1	0.03125	0.5	1	59.06386691227202	4983	4814	0.5	1542.6108995977995	11	22
1	#	0	1	0	0	0	1.0	1.0	2	51.56	4986	4818	0.8333333333333334	103.12	6	6
0	0	#	0	#	0	0	0.019403791345598595	0.45454545454545453	1	55.727104	4988	4820	0.6666666666666666	55.727104	5	11
1	0	0	#	0	#	0	1.0	1.0	1	52.8976	4986	4821	0.6666666666666666	52.8976	9	9
1	0	#	0	0	1	0	1.0	1.0	2	44.4	4980	4825	0.8333333333333334	88.8	5	5
#	1	#	#	0	1	1	0.27550608968587587	0.7727272727272727	1	50.30088366935769	4994	4826	0.5	50.30088366935769	17	22
0	#	0	1	1	1	0	0.03125	0.5	1	52.519999999999996	4984	4828	0.8333333333333334	52.519999999999996	3	6
#	#	1	1	#	0	1	0.07204491900081343	0.5909090909090909	1	53.600302551575034	4999	4830	0.5	703.2944914076587	13	22
1	1	#	#	1	#	0	0.040386107340619246	0.5263157894736842	1	53.53178377243853	4975	4830	0.5	53.53178377243853	10	19
0	#	0	0	#	1	0	1.0	1.0	3	59.8928	4998	4832	0.6666666666666666	179.6784	9	9
0	#	1	0	0	#	1	0.01734152991583261	0.4444444444444444	1	47.51008	4962	4835	0.6666666666666666	47.51008	4	9
0	#	#	1	0	1	1	0.16806999999999994	0.7	1	58.119616	4976	4836	0.6666666666666666	58.119616	7	10
0	1	#	#	1	#	1	0.023847592523562257	0.47368421052631576	1	55.221784642846714	4979	4844	0.5	55.221784642846714	9	19
0	#	0	1	0	#	1	0.03125	0.5	1	54.856896	4983	4847	0.6666666666666666	54.856896	5	10
1	#	0	0	0	#	0	0.2373046875	0.75	2	51.2256	4978	4850	0.6666666666666666	102.4512	6	8
1	0	1	1	0	0	0	1.0	1.0	2	50.666666666666664	4989	4851	1.0	101.33333333333333	3	3
#	#	0	1	0	1	0	0.05292214940134466	0.5555555555555556	1	54.610879999999995	4992	4851	0.6666666666666666	54.610879999999995	5	9
#	0	0	0	#	1	0	0.16806999999999994	0.7	1	56.11424	4998	4852	0.6666666666666666	56.11424	7	10
1	1	0	1	1	#	1	0.03125	0.5	1	55.0	4956	4858	0.8333333333333334	55.0	2	4
1	0	1	#	0	#	1	0.0	0.0	1	47.85856	4861	4861	0.6666666666666666	47.85856	0	9
1	0	0	#	1	0	1	1.0	1.0	2	32.75	4977	4866	0.8333333333333334	65.5	4	4
0	0	0	1	0	0	0	1.0	1.0	1	57.0	4968	4871	1.0	57.0	2	2
0	1	0	#	1	1	0	0.004115226337448558	0.3333333333333333	1	61.666666666666664	4938	4876	0.8333333333333334	61.666666666666664	1	3
1	0	1	1	#	#	0	0.014458261438686257	0.42857142857142855	1	48.032	4989	4877	0.6666666666666666	48.032	3	7
#	1	1	1	#	0	1	0.014458261438686257	0.42857142857142855	1	53.096	4958	4880	0.6666666666666666	53.096	3	7
0	1	1	#	1	#	1	0.03125	0.5	1	54.630399999999995	4958	4883	0.6666666666666666	54.630399999999995	4	8
0	0	#	#	1	0	1	0.06092699470458736	0.5714285714285714	1	51.12	4999	4886	0.6666666666666666	49.4	4	7
1	0	#	1	#	0	0	0.03125	0.5	1	46.784000000000006	4989	4888	0.6666666666666666	46.784000000000006	4	8
1	0	1	1	#	#	1	0.06092699470458736	0.5714285714285714	1	48.032	4981	4890	0.6666666666666666	48.032	4	7
#	0	1	0	#	#	0	0.0013484773662551439	0.26666666666666666	1	47.23185170432	4991	4892	0.5	47.23185170432	4	15
#	#	#	0	1	0	0	0.048282842081079885	0.5454545454545454	1	44.1062272	4987	4899	0.5	44.1062272	6	11
1	#	0	1	#	#	1	0.0063582343481257495	0.36363636363636365	1	49.5747712	4966	4902	0.5	49.5747712	4	11
0	1	1	#	1	0	1	0.004115226337448558	0.3333333333333333	1	53.0	4958	4903	0.8333333333333334	53.0	1	3
1	1	#	#	0	0	0	1.0	1.0	2	51.391999999999996	4978	4904	0.6666666666666666	102.78399999999999	7	7
0	#	1	1	0	0	1	1.0	1.0	1	60.333333333333336	4997	4904	0.8333333333333334	60.333333333333336	3	3
0	0	0	0	1	0	1	0.0	0.0	1	56.0	4906	4906	1.0	56.0	0	1
1	1	0	1	1	1	0	0.0	0.0	1	66.0	4910	4910	1.0	66.0	0	1
0	1	0	#	#	0	0	0.03125	0.5	1	55.96	4993	4911	0.6666666666666666	55.96	3	6
0	1	1	0	0	1	1	0.0	0.0	1	41.0	4912	4912	1.0	41.0	0	1
1	1	#	1	1	#	1	0.07775999999999998	0.6	1	57.4	4982	4912	0.6666666666666666	57.4	3	5
#	1	0	#	0	1	1	0.2373046875	0.75	1	56.0	4966	4926	0.6666666666666666	56.0	3	4
0	0	0	0	0	#	1	0.0	0.0	1	67.66666666666667	4927	4927	0.8333333333333334	67.66666666666667	0	3
#	0	1	#	#	#	1	0.3066820026178275	0.7894736842105263	1	51.93229044278886	4999	4927	0.3333333333333333	50.415363053486075	15	19
#	#	0	0	1	0	0	0.2373046875	0.75	1	50.75	4951	4928	0.6666666666666666	50.75	3	4
1	#	#	1	0	0	0	1.0	1.0	1	52.0	4989	4929	0.6666666666666666	52.0	4	4
#	#	0	#	0	0	0	0.512908935546875	0.875	1	57.912	4993	4933	0.5	57.912	7	8
#	#	0	0	0	#	0	0.512908935546875	0.875	1	60.129599999999996	4998	4935	0.5	60.129599999999996	7	8
0	0	#	#	1	1	0	0.03125	0.5	1	50.25	4984	4944	0.6666666666666666	50.25	2	4
0	0	1	1	0	1	0	0.0	0.0	1	56.0	4947	4947	1.0	56.0	0	1
0	0	#	0	#	1	1	0.03125	0.5	1	53.5	4971	4951	0.6666666666666666	53.5	2	4
0	0	#	#	0	0	0	0.03125	0.5	1	58.25	4988	4953	0.6666666666666666	58.25	2	4
1	1	1	1	#	1	0	0.0	0.0	1	57.0	4958	4958	0.8333333333333334	57.0	0	2
1	#	0	0	#	0	0	0.03125	0.5	1	43.5	4978	4965	0.6666666666666666	43.5	1	2
1	1	1	0	1	#	1	0.1	1.0	1	48.17933843739587	4966	4966	0.8333333333333334	48.17933843739587	0	0
0	1	1	#	0	#	0	0.0	0.0	1	61.0	4968	4968	0.6666666666666666	61.0	0	1
#	1	1	1	1	#	0	0.03125	0.5	1	53.5	4974	4970	0.6666666666666666	53.5	1	2
1	0	0	#	#	1	0	0.0	0.0	1	50.0	4970	4970	0.6666666666666666	50.0	0	1
0	1	#	#	1	#	0	0.13168724279835387	0.6666666666666666	1	50.0	4990	4972	0.5	50.0	2	3
#	1	1	0	1	1	0	1.0	1.0	1	40.0	4990	4977	0.8333333333333334	40.0	1	1
1	1	#	0	#	#	1	0.0	0.0	1	56.0	4977	4977	0.5	56.0	0	1
0	#	1	#	0	1	0	0.1	1.0	1	44.44264013408275	4978	4978	0.6666666666666666	44.44264013408275	0	0
#	1	1	0	#	1	1	0.0	0.0	1	40.0	4979	4979	0.6666666666666666	40.0	0	1
1	1	#	0	#	1	1	0.1	1.0	1	57.871637046654534	4981	4981	0.6666666666666666	57.871637046654534	0	0
1	0	#	1	0	#	1	0.0	0.0	1	52.0	4987	4987	0.6666666666666666	52.0	0	1
0	0	#	1	0	1	0	1.0	1.0	1	55.0	4992	4990	0.8333333333333334	55.0	1	1
0	1	0	0	1	#	1	0.1	1.0	1	47.4496	4990	4990	0.8333333333333334	47.4496	0	0
#	1	1	1	0	0	0	0.1	1.0	1	51.391999999999996	4992	4992	0.8333333333333334	51.391999999999996	0	0
#	1	1	0	1	#	0	0.1	1.0	1	44.849648564169414	4996	4996	0.6666666666666666	44.849648564169414	0	0
#	0	#	0	0	0	0	0.1	1.0	1	60.6980490255122	4997	4997	0.6666666666666666	60.6980490255122	0	0
0	0	#	0	#	0	1	0.1	1.0	1	50.34449568809309	4998	4998	0.6666666666666666	50.34449568809309	0	0
