Population Characterization:------------------------------------------------------------------------
MacroPopSize	MicroPopSize	Generality
465	1000	0.2304999999999998

SpecificitySum:------------------------------------------------------------------------
A_0	A_1	R_0	R_1	R_2	R_3
824	852	749	722	745	725

AccuracySum:------------------------------------------------------------------------
A_0	A_1	R_0	R_1	R_2	R_3
737.2174492375855	761.5035648626791	661.9290371556956	641.1615748899376	661.5177025371898	645.2745010926659

CorrectTrackerSave:------------------------------------------------------------------------
1	1	1	1	1	1	1	1	1	1	1	1	1	1	1	1	1	1	1	1	1	1	1	1	1	1	1	1	1	1	1	1	1	1	1	1	1	1	1	1	1	1	1	1	1	1	1	1	1	1	1	1	1	1	1	1	1	1	1	1	1	1	1	1	